-99999.
-99999.
-99999.
-99999.
-99999.
-99999.
-99999.
-99999.
57.
57.
122.
-10.
-17.
51.
266.
352.
154.
161.
796.
329.
973.
739.
389.
272.
196.
392.
536.
127.
140.
156.
422.
242.
136.
64.
65.
206.
310.
167.
147.
-23.
59.
558.
213.
362.
402.
182.
142.
6.
58.
84.
157.
82.
29.
99.
141.
85.
98.
424.
202.
39.
1.
28.
139.
178.
89.
161.
195.
613.
64.
305.
631.
502.
368.
285.
245.
137.
343.
362.
123.
6.
30.
63.
-40.
88.
9.
-10.
-6.
20.
28.
-7.
-39.
-31.
-22.
3.
9.
40.
34.
86.
319.
206.
87.
37.
28.
265.
81.
7.
14.
-86.
-58.
22.
119.
-25.
102.
414.
183.
188.
62.
105.
194.
208.
340.
127.
-113.
-42.
7.
12.
10.
1.
-153.
-106.
-58.
-36.
18.
199.
207.
-74.
-115.
101.
-4.
-69.
-71.
-39.
187.
235.
76.
-213.
-103.
67.
84.
1.
-64.
53.
-102.
-156.
-143.
-137.
43.
-38.
-184.
-134.
-113.
-93.
-73.
610.
299.
14.
-32.
-60.
-57.
12.
229.
-17.
-40.
-47.
-36.
-51.
-68.
-34.
-16.
-12.
-27.
-70.
-101.
-368.
-246.
-199.
-104.
-97.
-79.
30.
14.
107.
-7.
-200.
-223.
-132.
-108.
-259.
-160.
-126.
-138.
-99.
187.
128.
-61.
-234.
-208.
-241.
-257.
-189.
-165.
-171.
293.
141.
-25.
-83.
-354.
-338.
-256.
-156.
-35.
14.
-194.
-325.
174.
-135.
-54.
-77.
-70.
63.
377.
-162.
-148.
-124.
-109.
-129.
-18.
-32.
-83.
-78.
-72.
-61.
-54.
-45.
8.
34.
-12.
113.
89.
535.
377.
-86.
-43.
21.
97.
-159.
-27.
-21.
-142.
-63.
1.
-57.
-51.
579.
240.
-5.
51.
-43.
-7.
-62.
141.
129.
34.
58.
-33.
-56.
-76.
-3.
-13.
14.
-123.
-115.
-124.
-106.
-92.
-121.
164.
82.
14.
457.
354.
45.
25.
89.
42.
77.
-5.
-74.
-39.
-156.
-107.
-123.
146.
655.
263.
76.
