interval: quarter-monthly
units: mm
kind: prec
location: erie
  1.232
  1.784
  1.599
  1.021
  0.977
  0.979
  1.026
  1.046
  1.036
  1.000
  0.980
  0.960
  1.556
  1.834
  1.489
  0.979
  0.975
  0.988
  1.032
  1.044
  1.028
  0.998
  0.984
  0.990
  1.680
  1.740
  1.334
  0.983
  0.984
  1.004
  1.037
  1.047
  1.035
  0.995
  0.972
  1.019
  1.673
  1.657
  1.132
  0.995
  0.986
  1.016
  1.043
  1.037
  1.017
  0.986
  0.971
  1.058
  1.232
  1.784
  1.599
  1.021
  0.977
  0.979
  1.026
  1.046
  1.036
  1.000
  0.980
  0.960
  1.556
  1.834
  1.489
  0.979
  0.975
  0.988
  1.032
  1.044
  1.028
  0.998
  0.984
  0.990
  1.680
  1.740
  1.334
  0.983
  0.984
  1.004
  1.037
  1.047
  1.035
  0.995
  0.972
  1.019
  1.673
  1.657
  1.132
  0.995
  0.986
  1.016
  1.043
  1.037
  1.017
  0.986
  0.971
  1.058
  1.232
  1.784
  1.599
  1.021
  0.977
  0.979
  1.026
  1.046
  1.036
  1.000
  0.980
  0.960
  1.556
  1.834
  1.489
  0.979
  0.975
  0.988
  1.032
  1.044
  1.028
  0.998
  0.984
  0.990
  1.680
  1.740
  1.334
  0.983
  0.984
  1.004
  1.037
  1.047
  1.035
  0.995
  0.972
  1.019
  1.673
  1.657
  1.132
  0.995
  0.986
  1.016
  1.043
  1.037
  1.017
  0.986
  0.971
  1.058
  1.232
  1.784
  1.599
  1.021
  0.977
  0.979
  1.026
  1.046
  1.036
  1.000
  0.980
  0.960
  1.556
  1.834
  1.489
  0.979
  0.975
  0.988
  1.032
  1.044
  1.028
  0.998
  0.984
  0.990
  1.680
  1.740
  1.334
  0.983
  0.984
  1.004
  1.037
  1.047
  1.035
  0.995
  0.972
  1.019
  1.673
  1.657
  1.132
  0.995
  0.986
  1.016
  1.043
  1.037
  1.017
  0.986
  0.971
  1.058
  1.232
  1.784
  1.599
  1.021
  0.977
  0.979
  1.026
  1.046
  1.036
  1.000
  0.980
  0.960
  1.556
  1.834
  1.489
  0.979
  0.975
  0.988
  1.032
  1.044
  1.028
  0.998
  0.984
  0.990
  1.680
  1.740
  1.334
  0.983
  0.984
  1.004
  1.037
  1.047
  1.035
  0.995
  0.972
  1.019
  1.673
  1.657
  1.132
  0.995
  0.986
  1.016
  1.043
  1.037
  1.017
  0.986
  0.971
  1.058
  1.232
  1.784
  1.599
  1.021
  0.977
  0.979
  1.026
  1.046
  1.036
  1.000
  0.980
  0.960
  1.556
  1.834
  1.489
  0.979
  0.975
  0.988
  1.032
  1.044
  1.028
  0.998
  0.984
  0.990
  1.680
  1.740
  1.334
  0.983
  0.984
  1.004
  1.037
  1.047
  1.035
  0.995
  0.972
  1.019
  1.673
  1.657
  1.132
  0.995
  0.986
  1.016
  1.043
  1.037
  1.017
  0.986
  0.971
  1.058
  1.232
  1.784
  1.599
  1.021
  0.977
  0.979
  1.026
  1.046
  1.036
  1.000
  0.980
  0.960
  1.556
  1.834
  1.489
  0.979
  0.975
  0.988
  1.032
  1.044
  1.028
  0.998
  0.984
  0.990
  1.680
  1.740
  1.334
  0.983
  0.984
  1.004
  1.037
  1.047
  1.035
  0.995
  0.972
  1.019
  1.673
  1.657
  1.132
  0.995
  0.986
  1.016
  1.043
  1.037
  1.017
  0.986
  0.971
  1.058
  1.232
  1.784
  1.599
  1.021
  0.977
  0.979
  1.026
  1.046
  1.036
  1.000
  0.980
  0.960
  1.556
  1.834
  1.489
  0.979
  0.975
  0.988
  1.032
  1.044
  1.028
  0.998
  0.984
  0.990
  1.680
  1.740
  1.334
  0.983
  0.984
  1.004
  1.037
  1.047
  1.035
  0.995
  0.972
  1.019
  1.673
  1.657
  1.132
  0.995
  0.986
  1.016
  1.043
  1.037
  1.017
  0.986
  0.971
  1.058
  1.232
  1.784
  1.599
  1.021
  0.977
  0.979
  1.026
  1.046
  1.036
  1.000
  0.980
  0.960
  1.556
  1.834
  1.489
  0.979
  0.975
  0.988
  1.032
  1.044
  1.028
  0.998
  0.984
  0.990
  1.680
  1.740
  1.334
  0.983
  0.984
  1.004
  1.037
  1.047
  1.035
  0.995
  0.972
  1.019
  1.673
  1.657
  1.132
  0.995
  0.986
  1.016
  1.043
  1.037
  1.017
  0.986
  0.971
  1.058
  1.232
  1.784
  1.599
  1.021
  0.977
  0.979
  1.026
  1.046
  1.036
  1.000
  0.980
  0.960
  1.556
  1.834
  1.489
  0.979
  0.975
  0.988
  1.032
  1.044
  1.028
  0.998
  0.984
  0.990
  1.680
  1.740
  1.334
  0.983
  0.984
  1.004
  1.037
  1.047
  1.035
  0.995
  0.972
  1.019
  1.673
  1.657
  1.132
  0.995
  0.986
  1.016
  1.043
  1.037
  1.017
  0.986
  0.971
  1.058
  1.232
  1.784
  1.599
  1.021
  0.977
  0.979
  1.026
  1.046
  1.036
  1.000
  0.980
  0.960
  1.556
  1.834
  1.489
  0.979
  0.975
  0.988
  1.032
  1.044
  1.028
  0.998
  0.984
  0.990
  1.680
  1.740
  1.334
  0.983
  0.984
  1.004
  1.037
  1.047
  1.035
  0.995
  0.972
  1.019
  1.673
  1.657
  1.132
  0.995
  0.986
  1.016
  1.043
  1.037
  1.017
  0.986
  0.971
  1.058
  1.232
  1.784
  1.599
  1.021
  0.977
  0.979
  1.026
  1.046
  1.036
  1.000
  0.980
  0.960
  1.556
  1.834
  1.489
  0.979
  0.975
  0.988
  1.032
  1.044
  1.028
  0.998
  0.984
  0.990
  1.680
  1.740
  1.334
  0.983
  0.984
  1.004
  1.037
  1.047
  1.035
  0.995
  0.972
  1.019
  1.673
  1.657
  1.132
  0.995
  0.986
  1.016
  1.043
  1.037
  1.017
  0.986
  0.971
  1.058
  1.232
  1.784
  1.599
  1.021
  0.977
  0.979
  1.026
  1.046
  1.036
  1.000
  0.980
  0.960
  1.556
  1.834
  1.489
  0.979
  0.975
  0.988
  1.032
  1.044
  1.028
  0.998
  0.984
  0.990
  1.680
  1.740
  1.334
  0.983
  0.984
  1.004
  1.037
  1.047
  1.035
  0.995
  0.972
  1.019
  1.673
  1.657
  1.132
  0.995
  0.986
  1.016
  1.043
  1.037
  1.017
  0.986
  0.971
  1.058
  1.232
  1.784
  1.599
  1.021
  0.977
  0.979
  1.026
  1.046
  1.036
  1.000
  0.980
  0.960
  1.556
  1.834
  1.489
  0.979
  0.975
  0.988
  1.032
  1.044
  1.028
  0.998
  0.984
  0.990
  1.680
  1.740
  1.334
  0.983
  0.984
  1.004
  1.037
  1.047
  1.035
  0.995
  0.972
  1.019
  1.673
  1.657
  1.132
  0.995
  0.986
  1.016
  1.043
  1.037
  1.017
  0.986
  0.971
  1.058
  1.232
  1.784
  1.599
  1.021
  0.977
  0.979
  1.026
  1.046
  1.036
  1.000
  0.980
  0.960
  1.556
  1.834
  1.489
  0.979
  0.975
  0.988
  1.032
  1.044
  1.028
  0.998
  0.984
  0.990
  1.680
  1.740
  1.334
  0.983
  0.984
  1.004
  1.037
  1.047
  1.035
  0.995
  0.972
  1.019
  1.673
  1.657
  1.132
  0.995
  0.986
  1.016
  1.043
  1.037
  1.017
  0.986
  0.971
  1.058
  1.232
  1.784
  1.599
  1.021
  0.977
  0.979
  1.026
  1.046
  1.036
  1.000
  0.980
  0.960
  1.556
  1.834
  1.489
  0.979
  0.975
  0.988
  1.032
  1.044
  1.028
  0.998
  0.984
  0.990
  1.680
  1.740
  1.334
  0.983
  0.984
  1.004
  1.037
  1.047
  1.035
  0.995
  0.972
  1.019
  1.673
  1.657
  1.132
  0.995
  0.986
  1.016
  1.043
  1.037
  1.017
  0.986
  0.971
  1.058
  1.232
  1.784
  1.599
  1.021
  0.977
  0.979
  1.026
  1.046
  1.036
  1.000
  0.980
  0.960
  1.556
  1.834
  1.489
  0.979
  0.975
  0.988
  1.032
  1.044
  1.028
  0.998
  0.984
  0.990
  1.680
  1.740
  1.334
  0.983
  0.984
  1.004
  1.037
  1.047
  1.035
  0.995
  0.972
  1.019
  1.673
  1.657
  1.132
  0.995
  0.986
  1.016
  1.043
  1.037
  1.017
  0.986
  0.971
  1.058
  1.232
  1.784
  1.599
  1.021
  0.977
  0.979
  1.026
  1.046
  1.036
  1.000
  0.980
  0.960
  1.556
  1.834
  1.489
  0.979
  0.975
  0.988
  1.032
  1.044
  1.028
  0.998
  0.984
  0.990
  1.680
  1.740
  1.334
  0.983
  0.984
  1.004
  1.037
  1.047
  1.035
  0.995
  0.972
  1.019
  1.673
  1.657
  1.132
  0.995
  0.986
  1.016
  1.043
  1.037
  1.017
  0.986
  0.971
  1.058
  1.232
  1.784
  1.599
  1.021
  0.977
  0.979
  1.026
  1.046
  1.036
  1.000
  0.980
  0.960
  1.556
  1.834
  1.489
  0.979
  0.975
  0.988
  1.032
  1.044
  1.028
  0.998
  0.984
  0.990
  1.680
  1.740
  1.334
  0.983
  0.984
  1.004
  1.037
  1.047
  1.035
  0.995
  0.972
  1.019
  1.673
  1.657
  1.132
  0.995
  0.986
  1.016
  1.043
  1.037
  1.017
  0.986
  0.971
  1.058
  1.232
  1.784
  1.599
  1.021
  0.977
  0.979
  1.026
  1.046
  1.036
  1.000
  0.980
  0.960
  1.556
  1.834
  1.489
  0.979
  0.975
  0.988
  1.032
  1.044
  1.028
  0.998
  0.984
  0.990
  1.680
  1.740
  1.334
  0.983
  0.984
  1.004
  1.037
  1.047
  1.035
  0.995
  0.972
  1.019
  1.673
  1.657
  1.132
  0.995
  0.986
  1.016
  1.043
  1.037
  1.017
  0.986
  0.971
  1.058
  1.232
  1.784
  1.599
  1.021
  0.977
  0.979
  1.026
  1.046
  1.036
  1.000
  0.980
  0.960
  1.556
  1.834
  1.489
  0.979
  0.975
  0.988
  1.032
  1.044
  1.028
  0.998
  0.984
  0.990
  1.680
  1.740
  1.334
  0.983
  0.984
  1.004
  1.037
  1.047
  1.035
  0.995
  0.972
  1.019
  1.673
  1.657
  1.132
  0.995
  0.986
  1.016
  1.043
  1.037
  1.017
  0.986
  0.971
  1.058
  1.232
  1.784
  1.599
  1.021
  0.977
  0.979
  1.026
  1.046
  1.036
  1.000
  0.980
  0.960
  1.556
  1.834
  1.489
  0.979
  0.975
  0.988
  1.032
  1.044
  1.028
  0.998
  0.984
  0.990
  1.680
  1.740
  1.334
  0.983
  0.984
  1.004
  1.037
  1.047
  1.035
  0.995
  0.972
  1.019
  1.673
  1.657
  1.132
  0.995
  0.986
  1.016
  1.043
  1.037
  1.017
  0.986
  0.971
  1.058
  1.232
  1.784
  1.599
  1.021
  0.977
  0.979
  1.026
  1.046
  1.036
  1.000
  0.980
  0.960
  1.556
  1.834
  1.489
  0.979
  0.975
  0.988
  1.032
  1.044
  1.028
  0.998
  0.984
  0.990
  1.680
  1.740
  1.334
  0.983
  0.984
  1.004
  1.037
  1.047
  1.035
  0.995
  0.972
  1.019
  1.673
  1.657
  1.132
  0.995
  0.986
  1.016
  1.043
  1.037
  1.017
  0.986
  0.971
  1.058
  1.232
  1.784
  1.599
  1.021
  0.977
  0.979
  1.026
  1.046
  1.036
  1.000
  0.980
  0.960
  1.556
  1.834
  1.489
  0.979
  0.975
  0.988
  1.032
  1.044
  1.028
  0.998
  0.984
  0.990
  1.680
  1.740
  1.334
  0.983
  0.984
  1.004
  1.037
  1.047
  1.035
  0.995
  0.972
  1.019
  1.673
  1.657
  1.132
  0.995
  0.986
  1.016
  1.043
  1.037
  1.017
  0.986
  0.971
  1.058
  1.232
  1.784
  1.599
  1.021
  0.977
  0.979
  1.026
  1.046
  1.036
  1.000
  0.980
  0.960
  1.556
  1.834
  1.489
  0.979
  0.975
  0.988
  1.032
  1.044
  1.028
  0.998
  0.984
  0.990
  1.680
  1.740
  1.334
  0.983
  0.984
  1.004
  1.037
  1.047
  1.035
  0.995
  0.972
  1.019
  1.673
  1.657
  1.132
  0.995
  0.986
  1.016
  1.043
  1.037
  1.017
  0.986
  0.971
  1.058
  1.232
  1.784
  1.599
  1.021
  0.977
  0.979
  1.026
  1.046
  1.036
  1.000
  0.980
  0.960
  1.556
  1.834
  1.489
  0.979
  0.975
  0.988
  1.032
  1.044
  1.028
  0.998
  0.984
  0.990
  1.680
  1.740
  1.334
  0.983
  0.984
  1.004
  1.037
  1.047
  1.035
  0.995
  0.972
  1.019
  1.673
  1.657
  1.132
  0.995
  0.986
  1.016
  1.043
  1.037
  1.017
  0.986
  0.971
  1.058
  1.232
  1.784
  1.599
  1.021
  0.977
  0.979
  1.026
  1.046
  1.036
  1.000
  0.980
  0.960
  1.556
  1.834
  1.489
  0.979
  0.975
  0.988
  1.032
  1.044
  1.028
  0.998
  0.984
  0.990
  1.680
  1.740
  1.334
  0.983
  0.984
  1.004
  1.037
  1.047
  1.035
  0.995
  0.972
  1.019
  1.673
  1.657
  1.132
  0.995
  0.986
  1.016
  1.043
  1.037
  1.017
  0.986
  0.971
  1.058
  1.232
  1.784
  1.599
  1.021
  0.977
  0.979
  1.026
  1.046
  1.036
  1.000
  0.980
  0.960
  1.556
  1.834
  1.489
  0.979
  0.975
  0.988
  1.032
  1.044
  1.028
  0.998
  0.984
  0.990
  1.680
  1.740
  1.334
  0.983
  0.984
  1.004
  1.037
  1.047
  1.035
  0.995
  0.972
  1.019
  1.673
  1.657
  1.132
  0.995
  0.986
  1.016
  1.043
  1.037
  1.017
  0.986
  0.971
  1.058
  1.232
  1.784
  1.599
  1.021
  0.977
  0.979
  1.026
  1.046
  1.036
  1.000
  0.980
  0.960
  1.556
  1.834
  1.489
  0.979
  0.975
  0.988
  1.032
  1.044
  1.028
  0.998
  0.984
  0.990
  1.680
  1.740
  1.334
  0.983
  0.984
  1.004
  1.037
  1.047
  1.035
  0.995
  0.972
  1.019
  1.673
  1.657
  1.132
  0.995
  0.986
  1.016
  1.043
  1.037
  1.017
  0.986
  0.971
  1.058
  1.232
  1.784
  1.599
  1.021
  0.977
  0.979
  1.026
  1.046
  1.036
  1.000
  0.980
  0.960
  1.556
  1.834
  1.489
  0.979
  0.975
  0.988
  1.032
  1.044
  1.028
  0.998
  0.984
  0.990
  1.680
  1.740
  1.334
  0.983
  0.984
  1.004
  1.037
  1.047
  1.035
  0.995
  0.972
  1.019
  1.673
  1.657
  1.132
  0.995
  0.986
  1.016
  1.043
  1.037
  1.017
  0.986
  0.971
  1.058
  1.232
  1.784
  1.599
  1.021
  0.977
  0.979
  1.026
  1.046
  1.036
  1.000
  0.980
  0.960
  1.556
  1.834
  1.489
  0.979
  0.975
  0.988
  1.032
  1.044
  1.028
  0.998
  0.984
  0.990
  1.680
  1.740
  1.334
  0.983
  0.984
  1.004
  1.037
  1.047
  1.035
  0.995
  0.972
  1.019
  1.673
  1.657
  1.132
  0.995
  0.986
  1.016
  1.043
  1.037
  1.017
  0.986
  0.971
  1.058
  1.232
  1.784
  1.599
  1.021
  0.977
  0.979
  1.026
  1.046
  1.036
  1.000
  0.980
  0.960
  1.556
  1.834
  1.489
  0.979
  0.975
  0.988
  1.032
  1.044
  1.028
  0.998
  0.984
  0.990
  1.680
  1.740
  1.334
  0.983
  0.984
  1.004
  1.037
  1.047
  1.035
  0.995
  0.972
  1.019
  1.673
  1.657
  1.132
  0.995
  0.986
  1.016
  1.043
  1.037
  1.017
  0.986
  0.971
  1.058
  1.232
  1.784
  1.599
  1.021
  0.977
  0.979
  1.026
  1.046
  1.036
  1.000
  0.980
  0.960
  1.556
  1.834
  1.489
  0.979
  0.975
  0.988
  1.032
  1.044
  1.028
  0.998
  0.984
  0.990
  1.680
  1.740
  1.334
  0.983
  0.984
  1.004
  1.037
  1.047
  1.035
  0.995
  0.972
  1.019
  1.673
  1.657
  1.132
  0.995
  0.986
  1.016
  1.043
  1.037
  1.017
  0.986
  0.971
  1.058
  1.232
  1.784
  1.599
  1.021
  0.977
  0.979
  1.026
  1.046
  1.036
  1.000
  0.980
  0.960
  1.556
  1.834
  1.489
  0.979
  0.975
  0.988
  1.032
  1.044
  1.028
  0.998
  0.984
  0.990
  1.680
  1.740
  1.334
  0.983
  0.984
  1.004
  1.037
  1.047
  1.035
  0.995
  0.972
  1.019
  1.673
  1.657
  1.132
  0.995
  0.986
  1.016
  1.043
  1.037
  1.017
  0.986
  0.971
  1.058
  1.232
  1.784
  1.599
  1.021
  0.977
  0.979
  1.026
  1.046
  1.036
  1.000
  0.980
  0.960
  1.556
  1.834
  1.489
  0.979
  0.975
  0.988
  1.032
  1.044
  1.028
  0.998
  0.984
  0.990
  1.680
  1.740
  1.334
  0.983
  0.984
  1.004
  1.037
  1.047
  1.035
  0.995
  0.972
  1.019
  1.673
  1.657
  1.132
  0.995
  0.986
  1.016
  1.043
  1.037
  1.017
  0.986
  0.971
  1.058
  1.232
  1.784
  1.599
  1.021
  0.977
  0.979
  1.026
  1.046
  1.036
  1.000
  0.980
  0.960
  1.556
  1.834
  1.489
  0.979
  0.975
  0.988
  1.032
  1.044
  1.028
  0.998
  0.984
  0.990
  1.680
  1.740
  1.334
  0.983
  0.984
  1.004
  1.037
  1.047
  1.035
  0.995
  0.972
  1.019
  1.673
  1.657
  1.132
  0.995
  0.986
  1.016
  1.043
  1.037
  1.017
  0.986
  0.971
  1.058
  1.232
  1.784
  1.599
  1.021
  0.977
  0.979
  1.026
  1.046
  1.036
  1.000
  0.980
  0.960
  1.556
  1.834
  1.489
  0.979
  0.975
  0.988
  1.032
  1.044
  1.028
  0.998
  0.984
  0.990
  1.680
  1.740
  1.334
  0.983
  0.984
  1.004
  1.037
  1.047
  1.035
  0.995
  0.972
  1.019
  1.673
  1.657
  1.132
  0.995
  0.986
  1.016
  1.043
  1.037
  1.017
  0.986
  0.971
  1.058
  1.232
  1.784
  1.599
  1.021
  0.977
  0.979
  1.026
  1.046
  1.036
  1.000
  0.980
  0.960
  1.556
  1.834
  1.489
  0.979
  0.975
  0.988
  1.032
  1.044
  1.028
  0.998
  0.984
  0.990
  1.680
  1.740
  1.334
  0.983
  0.984
  1.004
  1.037
  1.047
  1.035
  0.995
  0.972
  1.019
  1.673
  1.657
  1.132
  0.995
  0.986
  1.016
  1.043
  1.037
  1.017
  0.986
  0.971
  1.058
  1.232
  1.784
  1.599
  1.021
  0.977
  0.979
  1.026
  1.046
  1.036
  1.000
  0.980
  0.960
  1.556
  1.834
  1.489
  0.979
  0.975
  0.988
  1.032
  1.044
  1.028
  0.998
  0.984
  0.990
  1.680
  1.740
  1.334
  0.983
  0.984
  1.004
  1.037
  1.047
  1.035
  0.995
  0.972
  1.019
  1.673
  1.657
  1.132
  0.995
  0.986
  1.016
  1.043
  1.037
  1.017
  0.986
  0.971
  1.058
  1.232
  1.784
  1.599
  1.021
  0.977
  0.979
  1.026
  1.046
  1.036
  1.000
  0.980
  0.960
  1.556
  1.834
  1.489
  0.979
  0.975
  0.988
  1.032
  1.044
  1.028
  0.998
  0.984
  0.990
  1.680
  1.740
  1.334
  0.983
  0.984
  1.004
  1.037
  1.047
  1.035
  0.995
  0.972
  1.019
  1.673
  1.657
  1.132
  0.995
  0.986
  1.016
  1.043
  1.037
  1.017
  0.986
  0.971
  1.058
  1.232
  1.784
  1.599
  1.021
  0.977
  0.979
  1.026
  1.046
  1.036
  1.000
  0.980
  0.960
  1.556
  1.834
  1.489
  0.979
  0.975
  0.988
  1.032
  1.044
  1.028
  0.998
  0.984
  0.990
  1.680
  1.740
  1.334
  0.983
  0.984
  1.004
  1.037
  1.047
  1.035
  0.995
  0.972
  1.019
  1.673
  1.657
  1.132
  0.995
  0.986
  1.016
  1.043
  1.037
  1.017
  0.986
  0.971
  1.058
  1.232
  1.784
  1.599
  1.021
  0.977
  0.979
  1.026
  1.046
  1.036
  1.000
  0.980
  0.960
  1.556
  1.834
  1.489
  0.979
  0.975
  0.988
  1.032
  1.044
  1.028
  0.998
  0.984
  0.990
  1.680
  1.740
  1.334
  0.983
  0.984
  1.004
  1.037
  1.047
  1.035
  0.995
  0.972
  1.019
  1.673
  1.657
  1.132
  0.995
  0.986
  1.016
  1.043
  1.037
  1.017
  0.986
  0.971
  1.058
  1.232
  1.784
  1.599
  1.021
  0.977
  0.979
  1.026
  1.046
  1.036
  1.000
  0.980
  0.960
  1.556
  1.834
  1.489
  0.979
  0.975
  0.988
  1.032
  1.044
  1.028
  0.998
  0.984
  0.990
  1.680
  1.740
  1.334
  0.983
  0.984
  1.004
  1.037
  1.047
  1.035
  0.995
  0.972
  1.019
  1.673
  1.657
  1.132
  0.995
  0.986
  1.016
  1.043
  1.037
  1.017
  0.986
  0.971
  1.058
  1.232
  1.784
  1.599
  1.021
  0.977
  0.979
  1.026
  1.046
  1.036
  1.000
  0.980
  0.960
  1.556
  1.834
  1.489
  0.979
  0.975
  0.988
  1.032
  1.044
  1.028
  0.998
  0.984
  0.990
  1.680
  1.740
  1.334
  0.983
  0.984
  1.004
  1.037
  1.047
  1.035
  0.995
  0.972
  1.019
  1.673
  1.657
  1.132
  0.995
  0.986
  1.016
  1.043
  1.037
  1.017
  0.986
  0.971
  1.058
  1.232
  1.784
  1.599
  1.021
  0.977
  0.979
  1.026
  1.046
  1.036
  1.000
  0.980
  0.960
  1.556
  1.834
  1.489
  0.979
  0.975
  0.988
  1.032
  1.044
  1.028
  0.998
  0.984
  0.990
  1.680
  1.740
  1.334
  0.983
  0.984
  1.004
  1.037
  1.047
  1.035
  0.995
  0.972
  1.019
  1.673
  1.657
  1.132
  0.995
  0.986
  1.016
  1.043
  1.037
  1.017
  0.986
  0.971
  1.058
  1.232
  1.784
  1.599
  1.021
  0.977
  0.979
  1.026
  1.046
  1.036
  1.000
  0.980
  0.960
  1.556
  1.834
  1.489
  0.979
  0.975
  0.988
  1.032
  1.044
  1.028
  0.998
  0.984
  0.990
  1.680
  1.740
  1.334
  0.983
  0.984
  1.004
  1.037
  1.047
  1.035
  0.995
  0.972
  1.019
  1.673
  1.657
  1.132
  0.995
  0.986
  1.016
  1.043
  1.037
  1.017
  0.986
  0.971
  1.058
  1.232
  1.784
  1.599
  1.021
  0.977
  0.979
  1.026
  1.046
  1.036
  1.000
  0.980
  0.960
  1.556
  1.834
  1.489
  0.979
  0.975
  0.988
  1.032
  1.044
  1.028
  0.998
  0.984
  0.990
  1.680
  1.740
  1.334
  0.983
  0.984
  1.004
  1.037
  1.047
  1.035
  0.995
  0.972
  1.019
  1.673
  1.657
  1.132
  0.995
  0.986
  1.016
  1.043
  1.037
  1.017
  0.986
  0.971
  1.058
  1.232
  1.784
  1.599
  1.021
  0.977
  0.979
  1.026
  1.046
  1.036
  1.000
  0.980
  0.960
  1.556
  1.834
  1.489
  0.979
  0.975
  0.988
  1.032
  1.044
  1.028
  0.998
  0.984
  0.990
  1.680
  1.740
  1.334
  0.983
  0.984
  1.004
  1.037
  1.047
  1.035
  0.995
  0.972
  1.019
  1.673
  1.657
  1.132
  0.995
  0.986
  1.016
  1.043
  1.037
  1.017
  0.986
  0.971
  1.058
  1.232
  1.784
  1.599
  1.021
  0.977
  0.979
  1.026
  1.046
  1.036
  1.000
  0.980
  0.960
  1.556
  1.834
  1.489
  0.979
  0.975
  0.988
  1.032
  1.044
  1.028
  0.998
  0.984
  0.990
  1.680
  1.740
  1.334
  0.983
  0.984
  1.004
  1.037
  1.047
  1.035
  0.995
  0.972
  1.019
  1.673
  1.657
  1.132
  0.995
  0.986
  1.016
  1.043
  1.037
  1.017
  0.986
  0.971
  1.058
  1.232
  1.784
  1.599
  1.021
  0.977
  0.979
  1.026
  1.046
  1.036
  1.000
  0.980
  0.960
  1.556
  1.834
  1.489
  0.979
  0.975
  0.988
  1.032
  1.044
  1.028
  0.998
  0.984
  0.990
  1.680
  1.740
  1.334
  0.983
  0.984
  1.004
  1.037
  1.047
  1.035
  0.995
  0.972
  1.019
  1.673
  1.657
  1.132
  0.995
  0.986
  1.016
  1.043
  1.037
  1.017
  0.986
  0.971
  1.058
  1.232
  1.784
  1.599
  1.021
  0.977
  0.979
  1.026
  1.046
  1.036
  1.000
  0.980
  0.960
  1.556
  1.834
  1.489
  0.979
  0.975
  0.988
  1.032
  1.044
  1.028
  0.998
  0.984
  0.990
  1.680
  1.740
  1.334
  0.983
  0.984
  1.004
  1.037
  1.047
  1.035
  0.995
  0.972
  1.019
  1.673
  1.657
  1.132
  0.995
  0.986
  1.016
  1.043
  1.037
  1.017
  0.986
  0.971
  1.058
  1.232
  1.784
  1.599
  1.021
  0.977
  0.979
  1.026
  1.046
  1.036
  1.000
  0.980
  0.960
  1.556
  1.834
  1.489
  0.979
  0.975
  0.988
  1.032
  1.044
  1.028
  0.998
  0.984
  0.990
  1.680
  1.740
  1.334
  0.983
  0.984
  1.004
  1.037
  1.047
  1.035
  0.995
  0.972
  1.019
  1.673
  1.657
  1.132
  0.995
  0.986
  1.016
  1.043
  1.037
  1.017
  0.986
  0.971
  1.058
  1.232
  1.784
  1.599
  1.021
  0.977
  0.979
  1.026
  1.046
  1.036
  1.000
  0.980
  0.960
  1.556
  1.834
  1.489
  0.979
  0.975
  0.988
  1.032
  1.044
  1.028
  0.998
  0.984
  0.990
  1.680
  1.740
  1.334
  0.983
  0.984
  1.004
  1.037
  1.047
  1.035
  0.995
  0.972
  1.019
  1.673
  1.657
  1.132
  0.995
  0.986
  1.016
  1.043
  1.037
  1.017
  0.986
  0.971
  1.058
  1.232
  1.784
  1.599
  1.021
  0.977
  0.979
  1.026
  1.046
  1.036
  1.000
  0.980
  0.960
  1.556
  1.834
  1.489
  0.979
  0.975
  0.988
  1.032
  1.044
  1.028
  0.998
  0.984
  0.990
  1.680
  1.740
  1.334
  0.983
  0.984
  1.004
  1.037
  1.047
  1.035
  0.995
  0.972
  1.019
  1.673
  1.657
  1.132
  0.995
  0.986
  1.016
  1.043
  1.037
  1.017
  0.986
  0.971
  1.058
  1.232
  1.784
  1.599
  1.021
  0.977
  0.979
  1.026
  1.046
  1.036
  1.000
  0.980
  0.960
  1.556
  1.834
  1.489
  0.979
  0.975
  0.988
  1.032
  1.044
  1.028
  0.998
  0.984
  0.990
  1.680
  1.740
  1.334
  0.983
  0.984
  1.004
  1.037
  1.047
  1.035
  0.995
  0.972
  1.019
  1.673
  1.657
  1.132
  0.995
  0.986
  1.016
  1.043
  1.037
  1.017
  0.986
  0.971
  1.058
  1.232
  1.784
  1.599
  1.021
  0.977
  0.979
  1.026
  1.046
  1.036
  1.000
  0.980
  0.960
  1.556
  1.834
  1.489
  0.979
  0.975
  0.988
  1.032
  1.044
  1.028
  0.998
  0.984
  0.990
  1.680
  1.740
  1.334
  0.983
  0.984
  1.004
  1.037
  1.047
  1.035
  0.995
  0.972
  1.019
  1.673
  1.657
  1.132
  0.995
  0.986
  1.016
  1.043
  1.037
  1.017
  0.986
  0.971
  1.058
  1.232
  1.784
  1.599
  1.021
  0.977
  0.979
  1.026
  1.046
  1.036
  1.000
  0.980
  0.960
  1.556
  1.834
  1.489
  0.979
  0.975
  0.988
  1.032
  1.044
  1.028
  0.998
  0.984
  0.990
  1.680
  1.740
  1.334
  0.983
  0.984
  1.004
  1.037
  1.047
  1.035
  0.995
  0.972
  1.019
  1.673
  1.657
  1.132
  0.995
  0.986
  1.016
  1.043
  1.037
  1.017
  0.986
  0.971
  1.058
  1.232
  1.784
  1.599
  1.021
  0.977
  0.979
  1.026
  1.046
  1.036
  1.000
  0.980
  0.960
  1.556
  1.834
  1.489
  0.979
  0.975
  0.988
  1.032
  1.044
  1.028
  0.998
  0.984
  0.990
  1.680
  1.740
  1.334
  0.983
  0.984
  1.004
  1.037
  1.047
  1.035
  0.995
  0.972
  1.019
  1.673
  1.657
  1.132
  0.995
  0.986
  1.016
  1.043
  1.037
  1.017
  0.986
  0.971
  1.058
  1.232
  1.784
  1.599
  1.021
  0.977
  0.979
  1.026
  1.046
  1.036
  1.000
  0.980
  0.960
  1.556
  1.834
  1.489
  0.979
  0.975
  0.988
  1.032
  1.044
  1.028
  0.998
  0.984
  0.990
  1.680
  1.740
  1.334
  0.983
  0.984
  1.004
  1.037
  1.047
  1.035
  0.995
  0.972
  1.019
  1.673
  1.657
  1.132
  0.995
  0.986
  1.016
  1.043
  1.037
  1.017
  0.986
  0.971
  1.058
  1.232
  1.784
  1.599
  1.021
  0.977
  0.979
  1.026
  1.046
  1.036
  1.000
  0.980
  0.960
  1.556
  1.834
  1.489
  0.979
  0.975
  0.988
  1.032
  1.044
  1.028
  0.998
  0.984
  0.990
  1.680
  1.740
  1.334
  0.983
  0.984
  1.004
  1.037
  1.047
  1.035
  0.995
  0.972
  1.019
  1.673
  1.657
  1.132
  0.995
  0.986
  1.016
  1.043
  1.037
  1.017
  0.986
  0.971
  1.058
  0.970
  1.965
  2.031
  1.101
  0.972
  0.973
  1.026
  1.003
  1.023
  0.953
  0.931
  0.862
  2.177
  1.882
  1.882
  0.879
  1.018
  1.028
  1.008
  1.019
  0.981
  1.012
  0.955
  0.866
  2.102
  2.094
  1.822
  0.934
  1.022
  0.983
  0.987
  1.029
  1.041
  0.983
  0.881
  0.870
  1.974
  2.075
  1.725
  1.022
  1.013
  0.996
  1.014
  0.993
  1.002
  1.035
  0.929
  0.900
  1.363
  1.768
  1.180
  0.957
  1.004
  0.942
  0.977
  1.048
  1.023
  0.979
  0.949
  0.920
  1.313
  1.695
  1.204
  1.075
  0.978
  0.989
  1.014
  0.991
  0.999
  0.986
  0.972
  0.903
  1.710
  1.688
  1.090
  1.063
  0.979
  0.970
  1.043
  1.025
  1.007
  1.022
  0.994
  1.026
  1.756
  1.554
  0.971
  0.997
  0.953
  0.976
  1.028
  0.999
  0.974
  0.989
  0.955
  0.981
  1.068
  1.949
  1.874
  0.976
  1.063
  0.979
  1.007
  1.046
  1.036
  1.093
  1.058
  0.960
  2.033
  1.765
  1.768
  1.010
  1.071
  0.988
  1.032
  1.044
  1.004
  1.065
  1.124
  0.990
  2.091
  1.728
  1.285
  1.018
  0.984
  1.004
  1.037
  1.047
  1.044
  1.041
  1.031
  1.166
  1.797
  1.981
  0.998
  1.086
  0.986
  1.016
  1.043
  1.037
  1.218
  1.099
  1.020
  0.987
  1.819
  2.331
  2.158
  1.021
  0.977
  0.979
  1.026
  1.046
  1.036
  0.952
  1.000
  0.979
  1.570
  2.180
  2.107
  0.979
  0.975
  0.988
  1.032
  1.044
  1.071
  0.980
  1.030
  0.991
  1.981
  2.096
  2.140
  0.983
  0.984
  1.004
  1.037
  1.047
  1.071
  0.998
  0.945
  0.936
  2.195
  2.148
  1.823
  0.995
  0.986
  1.016
  1.043
  1.037
  1.042
  0.975
  0.918
  1.191
  1.163
  1.300
  1.152
  0.999
  1.017
  1.021
  1.026
  1.085
  1.006
  0.965
  0.963
  1.049
  1.121
  1.283
  1.196
  0.941
  0.970
  1.061
  1.101
  0.985
  1.009
  0.919
  0.944
  0.898
  1.120
  1.280
  0.931
  1.037
  0.964
  1.003
  1.052
  1.027
  1.041
  0.965
  0.899
  0.920
  1.112
  1.330
  0.927
  1.063
  0.920
  0.999
  1.078
  0.992
  0.915
  0.927
  0.957
  0.991
  0.981
  1.597
  1.475
  1.028
  1.031
  1.020
  1.059
  1.049
  1.063
  0.979
  0.909
  0.819
  0.906
  1.604
  1.090
  0.996
  1.015
  1.032
  1.032
  1.042
  1.073
  0.953
  0.962
  1.057
  1.522
  1.489
  1.004
  0.994
  1.025
  1.006
  1.135
  1.062
  1.021
  1.007
  0.990
  0.920
  1.656
  1.475
  1.107
  1.000
  1.020
  1.016
  1.056
  1.037
  1.068
  0.887
  0.939
  0.972
  0.957
  1.926
  1.420
  0.927
  0.930
  0.979
  1.026
  1.014
  1.030
  0.894
  0.909
  0.957
  1.007
  1.761
  1.102
  0.935
  1.011
  0.988
  1.032
  1.048
  1.019
  0.941
  0.937
  0.992
  1.231
  1.521
  0.956
  0.976
  0.984
  1.004
  1.037
  1.058
  1.049
  0.919
  0.984
  0.967
  1.454
  1.627
  0.896
  1.018
  0.986
  1.026
  1.043
  1.000
  0.930
  0.926
  0.965
  0.920
  1.009
  1.227
  1.925
  1.061
  0.977
  0.979
  1.026
  1.046
  1.036
  1.031
  0.936
  0.991
  0.925
  1.653
  2.112
  0.994
  0.975
  0.988
  1.032
  1.044
  1.060
  1.002
  0.959
  0.951
  0.931
  1.668
  2.059
  0.983
  0.984
  1.004
  1.037
  1.047
  1.035
  0.960
  0.951
  0.918
  1.056
  1.603
  1.401
  0.995
  0.986
  1.016
  1.043
  1.037
  1.017
  0.951
  0.885
  0.936
  1.052
  1.493
  1.576
  0.910
  0.943
  0.979
  1.073
  1.037
  1.024
  0.955
  1.029
  0.911
  1.785
  1.554
  1.516
  0.906
  0.986
  0.988
  1.079
  1.002
  1.026
  1.001
  1.031
  0.936
  1.872
  1.650
  1.236
  1.009
  0.990
  1.004
  1.024
  1.037
  1.017
  0.979
  0.979
  1.018
  1.655
  1.689
  0.931
  0.925
  1.060
  1.016
  1.021
  1.008
  0.978
  0.961
  0.963
  1.344
  1.886
  1.704
  1.586
  0.938
  0.973
  0.959
  0.984
  1.000
  1.029
  1.006
  1.022
  1.000
  1.952
  1.665
  1.397
  0.924
  0.929
  0.977
  1.016
  0.997
  1.003
  0.969
  1.002
  0.966
  1.917
  1.561
  1.096
  1.030
  0.993
  0.991
  1.021
  0.992
  1.020
  0.936
  0.924
  0.963
  1.763
  1.615
  0.902
  0.999
  0.964
  1.016
  1.037
  0.995
  1.005
  0.940
  0.951
  1.050
  1.241
  1.721
  1.747
  0.954
  0.917
  0.984
  0.991
  1.024
  1.016
  0.976
  0.996
  0.974
  1.276
  1.729
  1.700
  0.934
  0.999
  1.006
  1.032
  1.036
  1.022
  0.987
  1.008
  1.010
  1.582
  1.802
  1.410
  0.970
  0.978
  0.977
  0.985
  1.025
  1.008
  0.994
  0.942
  1.079
  1.773
  1.768
  1.015
  0.958
  0.980
  0.983
  1.019
  1.012
  1.005
  1.049
  0.952
  1.060
  1.049
  1.743
  1.870
  1.312
  0.968
  0.964
  1.022
  1.001
  0.995
  0.997
  0.928
  0.990
  1.419
  1.871
  1.915
  0.980
  0.942
  1.005
  1.002
  0.988
  1.027
  0.978
  0.993
  0.952
  1.334
  1.927
  1.874
  0.934
  0.951
  0.990
  0.992
  1.025
  1.029
  1.025
  1.093
  0.954
  1.685
  1.967
  1.610
  0.960
  0.961
  1.021
  1.020
  1.050
  0.993
  1.032
  1.038
  1.029
  0.997
  2.507
  2.474
  1.605
  0.995
  0.996
  1.026
  1.057
  1.030
  1.015
  1.033
  1.013
  0.948
  3.006
  2.363
  1.165
  1.014
  0.980
  1.019
  1.032
  1.021
  0.977
  1.052
  1.012
  1.142
  2.308
  2.199
  0.991
  1.004
  1.042
  1.035
  1.048
  1.019
  0.980
  1.014
  1.179
  1.496
  2.466
  1.981
  0.971
  1.014
  1.023
  1.028
  1.029
  1.007
  1.011
  0.908
  1.236
  1.020
  2.071
  1.697
  1.036
  0.964
  0.936
  0.960
  1.007
  0.991
  0.992
  0.916
  0.958
  1.739
  1.682
  1.128
  0.991
  0.936
  0.947
  0.962
  0.998
  1.002
  0.990
  0.932
  0.986
  1.340
  1.809
  1.014
  0.964
  0.930
  0.986
  1.000
  1.029
  1.017
  0.975
  1.000
  1.074
  1.376
  1.695
  1.011
  0.977
  0.962
  1.051
  0.993
  1.013
  1.004
  1.060
  0.991
  0.998
  0.956
  2.006
  1.173
  0.957
  0.973
  0.979
  1.008
  0.997
  1.036
  0.996
  1.024
  1.050
  1.838
  1.968
  1.006
  0.979
  0.981
  0.964
  1.006
  1.042
  1.006
  1.014
  0.999
  0.947
  2.155
  1.662
  0.956
  0.971
  1.014
  1.010
  1.002
  1.041
  1.006
  0.980
  0.979
  1.000
  1.795
  1.546
  0.978
  0.965
  0.986
  0.968
  1.027
  1.020
  0.995
  0.996
  0.982
  0.953
  1.006
  1.581
  1.238
  0.997
  1.027
  0.985
  1.049
  1.067
  1.041
  0.985
  0.977
  0.944
  0.948
  1.662
  1.259
  0.958
  0.971
  0.988
  1.038
  1.037
  1.011
  1.046
  0.945
  1.023
  1.059
  1.663
  1.128
  0.906
  0.953
  0.988
  1.030
  1.043
  1.027
  1.040
  0.988
  1.109
  1.244
  1.412
  0.973
  0.991
  0.974
  1.062
  1.013
  1.063
  1.051
  1.002
  1.042
  1.052
  0.993
  2.174
  1.843
  1.021
  0.930
  0.977
  1.016
  1.018
  1.012
  1.028
  0.963
  0.998
  1.622
  2.025
  1.552
  0.967
  0.944
  0.963
  0.987
  1.019
  1.006
  1.010
  0.951
  0.983
  2.131
  1.885
  1.531
  0.969
  0.982
  1.004
  0.974
  1.022
  1.046
  0.965
  0.934
  1.140
  2.305
  1.571
  1.003
  1.033
  0.955
  1.040
  1.009
  1.021
  0.982
  0.966
  0.942
  1.793
  2.303
  2.918
  2.161
  0.943
  0.975
  0.969
  1.013
  1.047
  1.051
  1.016
  1.034
  0.970
  2.832
  2.737
  1.568
  0.968
  1.017
  1.012
  1.050
  1.047
  1.023
  0.996
  0.957
  1.124
  2.810
  2.455
  1.041
  1.000
  0.959
  0.995
  1.030
  1.032
  1.085
  0.995
  0.948
  1.139
  2.630
  2.422
  0.966
  0.998
  0.998
  1.008
  1.025
  1.033
  1.042
  1.002
  0.969
  0.979
  1.364
  2.581
  1.969
  1.015
  0.967
  0.952
  0.996
  1.021
  1.007
  0.988
  0.943
  0.936
  2.387
  2.522
  1.968
  0.905
  0.970
  0.957
  0.996
  1.008
  1.035
  0.953
  0.947
  0.931
  2.948
  2.321
  1.821
  0.968
  0.964
  0.952
  1.026
  1.011
  1.036
  0.953
  0.953
  0.913
  2.784
  2.129
  1.327
  0.971
  0.964
  1.013
  1.026
  1.039
  0.995
  0.932
  0.976
  0.989
  1.067
  2.091
  1.926
  0.941
  0.987
  0.970
  1.017
  1.040
  1.044
  1.009
  0.994
  0.900
  1.933
  2.232
  1.393
  1.015
  0.982
  0.958
  1.035
  1.062
  1.028
  1.007
  1.000
  0.958
  2.589
  2.285
  1.186
  0.976
  0.974
  1.012
  1.050
  1.048
  0.983
  0.999
  0.974
  0.980
  2.404
  2.131
  0.922
  0.977
  1.039
  0.969
  1.052
  1.030
  1.011
  0.985
  0.933
  0.975
  0.992
  1.581
  1.493
  0.989
  0.961
  0.985
  1.011
  1.049
  1.050
  1.021
  0.932
  0.968
  0.950
  1.830
  1.401
  0.950
  0.928
  0.938
  1.013
  1.062
  1.040
  1.004
  0.962
  0.984
  1.032
  1.316
  1.248
  0.978
  0.968
  1.000
  1.019
  1.069
  1.034
  0.996
  0.975
  1.050
  1.244
  1.337
  1.046
  1.026
  1.004
  1.008
  1.031
  1.048
  1.020
  0.964
  0.979
  1.265
  1.640
  1.506
  0.970
  0.917
  0.996
  0.989
  1.077
  1.092
  1.088
  0.994
  0.954
  0.961
  1.682
  1.548
  0.954
  0.961
  0.968
  1.017
  1.038
  1.075
  1.018
  1.004
  0.970
  0.979
  1.752
  1.458
  0.981
  0.958
  0.989
  1.039
  1.081
  1.057
  1.028
  0.962
  0.994
  0.957
  1.604
  1.058
  0.964
  0.972
  1.007
  0.996
  1.121
  1.068
  0.997
  0.995
  0.945
  0.956
  1.054
  2.120
  1.732
  0.947
  0.967
  1.045
  0.991
  1.085
  1.023
  1.038
  0.942
  0.958
  1.559
  2.046
  1.741
  0.951
  1.011
  1.000
  1.019
  1.056
  1.025
  1.067
  0.952
  1.000
  2.105
  1.962
  1.637
  0.974
  0.998
  1.001
  1.057
  1.039
  1.074
  0.955
  1.002
  1.060
  1.950
  1.815
  1.171
  0.955
  1.014
  1.026
  1.077
  1.029
  1.073
  1.008
  0.959
  0.965
  1.005
  1.067
  1.051
  1.043
  0.982
  0.970
  1.054
  1.076
  1.037
  1.033
  1.048
  0.973
  1.087
  1.476
  1.047
  1.031
  1.024
  0.997
  1.053
  1.126
  1.037
  1.015
  1.036
  1.042
  1.121
  1.171
  1.026
  0.997
  0.992
  1.034
  1.082
  1.080
  1.037
  1.047
  1.020
  1.026
  1.037
  1.020
  1.016
  1.000
  0.980
  1.025
  1.081
  1.086
  1.026
  1.006
  0.977
  1.225
  1.849
  1.911
  1.426
  1.009
  0.967
  0.982
  1.022
  1.043
  1.047
  1.012
  0.986
  0.959
  2.212
  1.745
  1.461
  1.048
  0.945
  0.977
  1.024
  1.085
  1.033
  1.019
  1.006
  1.023
  2.297
  1.422
  1.556
  1.075
  0.989
  1.005
  1.024
  1.056
  1.014
  1.036
  0.932
  0.961
  2.120
  1.082
  1.147
  1.035
  1.007
  1.049
  1.042
  1.044
  1.016
  1.008
  0.972
  0.987
  1.145
  1.726
  1.713
  0.977
  1.044
  0.967
  1.026
  1.080
  1.050
  0.990
  1.073
  0.986
  1.238
  2.030
  1.373
  0.999
  0.979
  0.972
  1.027
  1.070
  1.056
  0.988
  1.040
  1.031
  1.514
  1.872
  1.024
  1.016
  0.979
  0.981
  1.032
  1.054
  1.023
  1.001
  0.989
  1.059
  1.571
  1.662
  1.029
  1.045
  1.004
  1.016
  1.053
  1.077
  1.006
  0.982
  1.055
  1.045
  1.783
  1.865
  1.775
  1.027
  0.895
  0.974
  1.026
  1.028
  0.957
  1.006
  0.910
  0.883
  2.299
  2.013
  1.874
  0.944
  0.946
  0.981
  0.999
  1.015
  0.947
  0.957
  0.865
  0.983
  1.869
  1.900
  1.581
  0.972
  0.985
  0.979
  0.967
  1.022
  1.035
  0.955
  0.929
  0.952
  1.632
  1.854
  1.043
  0.949
  0.965
  1.064
  1.003
  0.981
  0.971
  0.923
  0.877
  0.934
  0.970
  1.129
  1.064
  1.104
  0.928
  0.937
  1.032
  1.080
  1.018
  0.986
  0.997
  0.951
  0.950
  1.370
  0.997
  0.991
  0.898
  0.934
  1.022
  1.089
  1.030
  0.993
  1.051
  0.953
  1.187
  1.717
  0.989
  0.968
  0.984
  1.009
  1.027
  1.036
  1.078
  0.993
  0.982
  0.969
  1.273
  1.313
  0.998
  0.933
  0.947
  0.959
  1.040
  1.049
  0.992
  0.985
  1.154
  1.005
  0.953
  1.363
  1.386
  0.981
  1.035
  1.000
  1.036
  1.047
  1.026
  1.046
  0.963
  0.881
  1.175
  1.815
  1.177
  0.995
  0.000
  0.970
  1.033
  1.025
  1.003
  0.948
  0.916
  0.982
  1.311
  1.769
  0.974
  0.933
  1.071
  0.998
  1.087
  1.065
  1.022
  1.019
  0.939
  0.984
  1.297
  1.599
  0.966
  0.997
  0.979
  1.017
  1.055
  1.065
  1.010
  0.930
  0.946
  0.963
  1.152
  1.433
  1.469
  1.037
  0.977
  0.979
  1.026
  1.031
  1.028
  0.954
  0.966
  0.995
  1.376
  1.620
  1.506
  0.979
  0.975
  0.988
  1.030
  1.039
  1.030
  0.979
  0.953
  1.058
  1.367
  1.512
  1.166
  0.983
  0.984
  1.004
  1.068
  1.042
  1.035
  1.069
  0.885
  1.322
  1.325
  1.459
  1.029
  0.995
  0.986
  1.016
  1.035
  1.052
  0.970
  0.965
  0.960
  1.641
  1.655
  1.745
  1.404
  0.990
  0.963
  0.939
  1.018
  1.042
  1.046
  0.972
  0.998
  0.954
  1.529
  1.431
  1.176
  0.946
  0.940
  0.977
  1.039
  1.042
  1.029
  1.067
  0.951
  0.953
  1.557
  1.503
  0.944
  0.912
  0.996
  0.998
  1.010
  1.061
  1.016
  0.971
  0.996
  1.055
  1.594
  1.477
  0.951
  0.977
  0.987
  1.016
  1.053
  1.035
  0.991
  0.988
  0.934
  0.974
  1.004
  1.499
  1.118
  1.021
  0.935
  1.033
  1.068
  1.045
  1.065
  0.971
  1.011
  1.047
  1.524
  1.208
  1.004
  0.979
  0.918
  1.017
  1.060
  1.063
  1.075
  0.990
  1.066
  0.957
  1.526
  1.376
  0.950
  0.983
  1.004
  1.044
  1.042
  1.065
  1.021
  0.985
  1.002
  0.991
  1.612
  1.255
  0.924
  0.995
  1.027
  0.998
  1.060
  1.049
  1.010
  1.051
  0.954
  1.025
  1.030
  1.420
  1.468
  0.969
  1.000
  1.016
  1.035
  1.042
  1.024
  0.993
  1.012
  0.928
  1.049
  1.513
  1.416
  1.004
  1.001
  0.976
  1.041
  1.060
  1.013
  1.003
  0.951
  1.090
  1.178
  1.526
  1.434
  1.030
  0.971
  0.999
  1.068
  1.025
  0.987
  0.986
  1.006
  0.936
  1.490
  1.408
  1.125
  1.047
  1.018
  1.030
  1.035
  1.031
  1.040
  0.996
  0.981
  0.947
  1.075
  1.792
  2.241
  1.111
  0.909
  0.867
  0.991
  0.966
  1.064
  0.982
  0.999
  0.998
  1.651
  2.310
  2.242
  0.979
  0.895
  0.899
  1.046
  1.019
  1.009
  1.014
  0.985
  1.027
  1.873
  2.228
  2.288
  0.983
  0.880
  0.920
  1.032
  1.065
  1.065
  0.965
  0.964
  1.028
  1.375
  2.427
  1.764
  0.995
  0.860
  0.999
  1.020
  1.056
  1.022
  0.986
  1.045
  1.103
  1.617
  2.084
  1.877
  0.997
  0.985
  0.982
  1.050
  1.096
  1.083
  1.030
  0.998
  0.979
  2.431
  2.012
  1.803
  0.954
  0.956
  0.998
  1.055
  1.067
  1.046
  1.034
  0.986
  1.030
  2.126
  1.932
  1.727
  0.944
  1.001
  1.015
  1.075
  1.083
  1.042
  1.046
  0.958
  1.000
  2.336
  1.852
  1.312
  0.983
  0.985
  0.907
  1.062
  1.052
  1.089
  0.977
  0.962
  1.010
  0.922
  1.133
  1.367
  0.972
  1.048
  1.053
  1.099
  1.176
  1.109
  1.111
  0.986
  0.976
  1.247
  1.654
  1.230
  1.005
  1.048
  1.116
  1.115
  1.136
  1.078
  1.031
  1.015
  1.070
  1.110
  1.395
  0.966
  0.978
  1.009
  1.120
  1.137
  1.134
  1.073
  0.993
  1.007
  1.050
  1.028
  1.230
  0.975
  1.010
  1.039
  1.066
  1.133
  1.121
  1.074
  0.993
  1.027
  0.979
  1.232
  1.784
  1.599
  1.021
  0.977
  0.979
  1.026
  1.046
  1.036
  1.000
  0.980
  0.960
  1.556
  1.834
  1.489
  0.979
  0.975
  0.988
  1.032
  1.044
  1.028
  0.998
  0.984
  0.990
  1.680
  1.740
  1.334
  0.983
  0.984
  1.004
  1.037
  1.047
  1.035
  0.995
  0.972
  1.019
  1.673
  1.657
  1.132
  0.995
  0.986
  1.016
  1.043
  1.037
  1.017
  0.986
  0.971
  1.058
  1.232
  1.784
  1.599
  1.021
  0.977
  0.979
  1.026
  1.046
  1.036
  1.000
  0.980
  0.960
  1.556
  1.834
  1.489
  0.979
  0.975
  0.988
  1.032
  1.044
  1.028
  0.998
  0.984
  0.990
  1.680
  1.740
  1.334
  0.983
  0.984
  1.004
  1.037
  1.047
  1.035
  0.995
  0.972
  1.019
  1.673
  1.657
  1.132
  0.995
  0.986
  1.016
  1.043
  1.037
  1.017
  0.986
  0.971
  1.058
  1.232
  1.784
  1.599
  1.021
  0.977
  0.979
  1.026
  1.046
  1.036
  1.000
  0.980
  0.960
  1.556
  1.834
  1.489
  0.979
  0.975
  0.988
  1.032
  1.044
  1.028
  0.998
  0.984
  0.990
  1.680
  1.740
  1.334
  0.983
  0.984
  1.004
  1.037
  1.047
  1.035
  0.995
  0.972
  1.019
  1.673
  1.657
  1.132
  0.995
  0.986
  1.016
  1.043
  1.037
  1.017
  0.986
  0.971
  1.058
  1.232
  1.784
  1.599
  1.021
  0.977
  0.979
  1.026
  1.046
  1.036
  1.000
  0.980
  0.960
  1.556
  1.834
  1.489
  0.979
  0.975
  0.988
  1.032
  1.044
  1.028
  0.998
  0.984
  0.990
  1.680
  1.740
  1.334
  0.983
  0.984
  1.004
  1.037
  1.047
  1.035
  0.995
  0.972
  1.019
  1.673
  1.657
  1.132
  0.995
  0.986
  1.016
  1.043
  1.037
  1.017
  0.986
  0.971
  1.058
  1.232
  1.784
  1.599
  1.021
  0.977
  0.979
  1.026
  1.046
  1.036
  1.000
  0.980
  0.960
  1.556
  1.834
  1.489
  0.979
  0.975
  0.988
  1.032
  1.044
  1.028
  0.998
  0.984
  0.990
  1.680
  1.740
  1.334
  0.983
  0.984
  1.004
  1.037
  1.047
  1.035
  0.995
  0.972
  1.019
  1.673
  1.657
  1.132
  0.995
  0.986
  1.016
  1.043
  1.037
  1.017
  0.986
  0.971
  1.058
  1.232
  1.784
  1.599
  1.021
  0.977
  0.979
  1.026
  1.046
  1.036
  1.000
  0.980
  0.960
  1.556
  1.834
  1.489
  0.979
  0.975
  0.988
  1.032
  1.044
  1.028
  0.998
  0.984
  0.990
  1.680
  1.740
  1.334
  0.983
  0.984
  1.004
  1.037
  1.047
  1.035
  0.995
  0.972
  1.019
  1.673
  1.657
  1.132
  0.995
  0.986
  1.016
  1.043
  1.037
  1.017
  0.986
  0.971
  1.058
