KIND:prc
UNITS:mm
INTERVAL:qm
LOCATION:er
# file created: 2018-05-22 22:54:46
#YYYY-MM,             Q1,              Q2,              Q3,              Q4
1900-01,         1.23000,         1.78000,         1.60000,         1.02000
1900-02,         0.98000,         0.98000,         1.03000,         1.05000
1900-03,         1.04000,         1.00000,         0.98000,         0.96000
1900-04,         1.56000,         1.83000,         1.49000,         0.98000
1900-05,         0.97000,         0.99000,         1.03000,         1.04000
1900-06,         1.03000,         1.00000,         0.98000,         0.99000
1900-07,         1.68000,         1.74000,         1.33000,         0.98000
1900-08,         0.98000,         1.00000,         1.04000,         1.05000
1900-09,         1.03000,         0.99000,         0.97000,         1.02000
1900-10,         1.67000,         1.66000,         1.13000,         0.99000
1900-11,         0.99000,         1.02000,         1.04000,         1.04000
1900-12,         1.02000,         0.99000,         0.97000,         1.06000
1901-01,         1.23000,         1.78000,         1.60000,         1.02000
1901-02,         0.98000,         0.98000,         1.03000,         1.05000
1901-03,         1.04000,         1.00000,         0.98000,         0.96000
1901-04,         1.56000,         1.83000,         1.49000,         0.98000
1901-05,         0.97000,         0.99000,         1.03000,         1.04000
1901-06,         1.03000,         1.00000,         0.98000,         0.99000
1901-07,         1.68000,         1.74000,         1.33000,         0.98000
1901-08,         0.98000,         1.00000,         1.04000,         1.05000
1901-09,         1.03000,         0.99000,         0.97000,         1.02000
1901-10,         1.67000,         1.66000,         1.13000,         0.99000
1901-11,         0.99000,         1.02000,         1.04000,         1.04000
1901-12,         1.02000,         0.99000,         0.97000,         1.06000
1902-01,         1.23000,         1.78000,         1.60000,         1.02000
1902-02,         0.98000,         0.98000,         1.03000,         1.05000
1902-03,         1.04000,         1.00000,         0.98000,         0.96000
1902-04,         1.56000,         1.83000,         1.49000,         0.98000
1902-05,         0.97000,         0.99000,         1.03000,         1.04000
1902-06,         1.03000,         1.00000,         0.98000,         0.99000
1902-07,         1.68000,         1.74000,         1.33000,         0.98000
1902-08,         0.98000,         1.00000,         1.04000,         1.05000
1902-09,         1.03000,         0.99000,         0.97000,         1.02000
1902-10,         1.67000,         1.66000,         1.13000,         0.99000
1902-11,         0.99000,         1.02000,         1.04000,         1.04000
1902-12,         1.02000,         0.99000,         0.97000,         1.06000
1903-01,         1.23000,         1.78000,         1.60000,         1.02000
1903-02,         0.98000,         0.98000,         1.03000,         1.05000
1903-03,         1.04000,         1.00000,         0.98000,         0.96000
1903-04,         1.56000,         1.83000,         1.49000,         0.98000
1903-05,         0.97000,         0.99000,         1.03000,         1.04000
1903-06,         1.03000,         1.00000,         0.98000,         0.99000
1903-07,         1.68000,         1.74000,         1.33000,         0.98000
1903-08,         0.98000,         1.00000,         1.04000,         1.05000
1903-09,         1.03000,         0.99000,         0.97000,         1.02000
1903-10,         1.67000,         1.66000,         1.13000,         0.99000
1903-11,         0.99000,         1.02000,         1.04000,         1.04000
1903-12,         1.02000,         0.99000,         0.97000,         1.06000
1904-01,         1.23000,         1.78000,         1.60000,         1.02000
1904-02,         0.98000,         0.98000,         1.03000,         1.05000
1904-03,         1.04000,         1.00000,         0.98000,         0.96000
1904-04,         1.56000,         1.83000,         1.49000,         0.98000
1904-05,         0.97000,         0.99000,         1.03000,         1.04000
1904-06,         1.03000,         1.00000,         0.98000,         0.99000
1904-07,         1.68000,         1.74000,         1.33000,         0.98000
1904-08,         0.98000,         1.00000,         1.04000,         1.05000
1904-09,         1.03000,         0.99000,         0.97000,         1.02000
1904-10,         1.67000,         1.66000,         1.13000,         0.99000
1904-11,         0.99000,         1.02000,         1.04000,         1.04000
1904-12,         1.02000,         0.99000,         0.97000,         1.06000
1905-01,         1.23000,         1.78000,         1.60000,         1.02000
1905-02,         0.98000,         0.98000,         1.03000,         1.05000
1905-03,         1.04000,         1.00000,         0.98000,         0.96000
1905-04,         1.56000,         1.83000,         1.49000,         0.98000
1905-05,         0.97000,         0.99000,         1.03000,         1.04000
1905-06,         1.03000,         1.00000,         0.98000,         0.99000
1905-07,         1.68000,         1.74000,         1.33000,         0.98000
1905-08,         0.98000,         1.00000,         1.04000,         1.05000
1905-09,         1.03000,         0.99000,         0.97000,         1.02000
1905-10,         1.67000,         1.66000,         1.13000,         0.99000
1905-11,         0.99000,         1.02000,         1.04000,         1.04000
1905-12,         1.02000,         0.99000,         0.97000,         1.06000
1906-01,         1.23000,         1.78000,         1.60000,         1.02000
1906-02,         0.98000,         0.98000,         1.03000,         1.05000
1906-03,         1.04000,         1.00000,         0.98000,         0.96000
1906-04,         1.56000,         1.83000,         1.49000,         0.98000
1906-05,         0.97000,         0.99000,         1.03000,         1.04000
1906-06,         1.03000,         1.00000,         0.98000,         0.99000
1906-07,         1.68000,         1.74000,         1.33000,         0.98000
1906-08,         0.98000,         1.00000,         1.04000,         1.05000
1906-09,         1.03000,         0.99000,         0.97000,         1.02000
1906-10,         1.67000,         1.66000,         1.13000,         0.99000
1906-11,         0.99000,         1.02000,         1.04000,         1.04000
1906-12,         1.02000,         0.99000,         0.97000,         1.06000
1907-01,         1.23000,         1.78000,         1.60000,         1.02000
1907-02,         0.98000,         0.98000,         1.03000,         1.05000
1907-03,         1.04000,         1.00000,         0.98000,         0.96000
1907-04,         1.56000,         1.83000,         1.49000,         0.98000
1907-05,         0.97000,         0.99000,         1.03000,         1.04000
1907-06,         1.03000,         1.00000,         0.98000,         0.99000
1907-07,         1.68000,         1.74000,         1.33000,         0.98000
1907-08,         0.98000,         1.00000,         1.04000,         1.05000
1907-09,         1.03000,         0.99000,         0.97000,         1.02000
1907-10,         1.67000,         1.66000,         1.13000,         0.99000
1907-11,         0.99000,         1.02000,         1.04000,         1.04000
1907-12,         1.02000,         0.99000,         0.97000,         1.06000
1908-01,         1.23000,         1.78000,         1.60000,         1.02000
1908-02,         0.98000,         0.98000,         1.03000,         1.05000
1908-03,         1.04000,         1.00000,         0.98000,         0.96000
1908-04,         1.56000,         1.83000,         1.49000,         0.98000
1908-05,         0.97000,         0.99000,         1.03000,         1.04000
1908-06,         1.03000,         1.00000,         0.98000,         0.99000
1908-07,         1.68000,         1.74000,         1.33000,         0.98000
1908-08,         0.98000,         1.00000,         1.04000,         1.05000
1908-09,         1.03000,         0.99000,         0.97000,         1.02000
1908-10,         1.67000,         1.66000,         1.13000,         0.99000
1908-11,         0.99000,         1.02000,         1.04000,         1.04000
1908-12,         1.02000,         0.99000,         0.97000,         1.06000
1909-01,         1.23000,         1.78000,         1.60000,         1.02000
1909-02,         0.98000,         0.98000,         1.03000,         1.05000
1909-03,         1.04000,         1.00000,         0.98000,         0.96000
1909-04,         1.56000,         1.83000,         1.49000,         0.98000
1909-05,         0.97000,         0.99000,         1.03000,         1.04000
1909-06,         1.03000,         1.00000,         0.98000,         0.99000
1909-07,         1.68000,         1.74000,         1.33000,         0.98000
1909-08,         0.98000,         1.00000,         1.04000,         1.05000
1909-09,         1.03000,         0.99000,         0.97000,         1.02000
1909-10,         1.67000,         1.66000,         1.13000,         0.99000
1909-11,         0.99000,         1.02000,         1.04000,         1.04000
1909-12,         1.02000,         0.99000,         0.97000,         1.06000
1910-01,         1.23000,         1.78000,         1.60000,         1.02000
1910-02,         0.98000,         0.98000,         1.03000,         1.05000
1910-03,         1.04000,         1.00000,         0.98000,         0.96000
1910-04,         1.56000,         1.83000,         1.49000,         0.98000
1910-05,         0.97000,         0.99000,         1.03000,         1.04000
1910-06,         1.03000,         1.00000,         0.98000,         0.99000
1910-07,         1.68000,         1.74000,         1.33000,         0.98000
1910-08,         0.98000,         1.00000,         1.04000,         1.05000
1910-09,         1.03000,         0.99000,         0.97000,         1.02000
1910-10,         1.67000,         1.66000,         1.13000,         0.99000
1910-11,         0.99000,         1.02000,         1.04000,         1.04000
1910-12,         1.02000,         0.99000,         0.97000,         1.06000
1911-01,         1.23000,         1.78000,         1.60000,         1.02000
1911-02,         0.98000,         0.98000,         1.03000,         1.05000
1911-03,         1.04000,         1.00000,         0.98000,         0.96000
1911-04,         1.56000,         1.83000,         1.49000,         0.98000
1911-05,         0.97000,         0.99000,         1.03000,         1.04000
1911-06,         1.03000,         1.00000,         0.98000,         0.99000
1911-07,         1.68000,         1.74000,         1.33000,         0.98000
1911-08,         0.98000,         1.00000,         1.04000,         1.05000
1911-09,         1.03000,         0.99000,         0.97000,         1.02000
1911-10,         1.67000,         1.66000,         1.13000,         0.99000
1911-11,         0.99000,         1.02000,         1.04000,         1.04000
1911-12,         1.02000,         0.99000,         0.97000,         1.06000
1912-01,         1.23000,         1.78000,         1.60000,         1.02000
1912-02,         0.98000,         0.98000,         1.03000,         1.05000
1912-03,         1.04000,         1.00000,         0.98000,         0.96000
1912-04,         1.56000,         1.83000,         1.49000,         0.98000
1912-05,         0.97000,         0.99000,         1.03000,         1.04000
1912-06,         1.03000,         1.00000,         0.98000,         0.99000
1912-07,         1.68000,         1.74000,         1.33000,         0.98000
1912-08,         0.98000,         1.00000,         1.04000,         1.05000
1912-09,         1.03000,         0.99000,         0.97000,         1.02000
1912-10,         1.67000,         1.66000,         1.13000,         0.99000
1912-11,         0.99000,         1.02000,         1.04000,         1.04000
1912-12,         1.02000,         0.99000,         0.97000,         1.06000
1913-01,         1.23000,         1.78000,         1.60000,         1.02000
1913-02,         0.98000,         0.98000,         1.03000,         1.05000
1913-03,         1.04000,         1.00000,         0.98000,         0.96000
1913-04,         1.56000,         1.83000,         1.49000,         0.98000
1913-05,         0.97000,         0.99000,         1.03000,         1.04000
1913-06,         1.03000,         1.00000,         0.98000,         0.99000
1913-07,         1.68000,         1.74000,         1.33000,         0.98000
1913-08,         0.98000,         1.00000,         1.04000,         1.05000
1913-09,         1.03000,         0.99000,         0.97000,         1.02000
1913-10,         1.67000,         1.66000,         1.13000,         0.99000
1913-11,         0.99000,         1.02000,         1.04000,         1.04000
1913-12,         1.02000,         0.99000,         0.97000,         1.06000
1914-01,         1.23000,         1.78000,         1.60000,         1.02000
1914-02,         0.98000,         0.98000,         1.03000,         1.05000
1914-03,         1.04000,         1.00000,         0.98000,         0.96000
1914-04,         1.56000,         1.83000,         1.49000,         0.98000
1914-05,         0.97000,         0.99000,         1.03000,         1.04000
1914-06,         1.03000,         1.00000,         0.98000,         0.99000
1914-07,         1.68000,         1.74000,         1.33000,         0.98000
1914-08,         0.98000,         1.00000,         1.04000,         1.05000
1914-09,         1.03000,         0.99000,         0.97000,         1.02000
1914-10,         1.67000,         1.66000,         1.13000,         0.99000
1914-11,         0.99000,         1.02000,         1.04000,         1.04000
1914-12,         1.02000,         0.99000,         0.97000,         1.06000
1915-01,         1.23000,         1.78000,         1.60000,         1.02000
1915-02,         0.98000,         0.98000,         1.03000,         1.05000
1915-03,         1.04000,         1.00000,         0.98000,         0.96000
1915-04,         1.56000,         1.83000,         1.49000,         0.98000
1915-05,         0.97000,         0.99000,         1.03000,         1.04000
1915-06,         1.03000,         1.00000,         0.98000,         0.99000
1915-07,         1.68000,         1.74000,         1.33000,         0.98000
1915-08,         0.98000,         1.00000,         1.04000,         1.05000
1915-09,         1.03000,         0.99000,         0.97000,         1.02000
1915-10,         1.67000,         1.66000,         1.13000,         0.99000
1915-11,         0.99000,         1.02000,         1.04000,         1.04000
1915-12,         1.02000,         0.99000,         0.97000,         1.06000
1916-01,         1.23000,         1.78000,         1.60000,         1.02000
1916-02,         0.98000,         0.98000,         1.03000,         1.05000
1916-03,         1.04000,         1.00000,         0.98000,         0.96000
1916-04,         1.56000,         1.83000,         1.49000,         0.98000
1916-05,         0.97000,         0.99000,         1.03000,         1.04000
1916-06,         1.03000,         1.00000,         0.98000,         0.99000
1916-07,         1.68000,         1.74000,         1.33000,         0.98000
1916-08,         0.98000,         1.00000,         1.04000,         1.05000
1916-09,         1.03000,         0.99000,         0.97000,         1.02000
1916-10,         1.67000,         1.66000,         1.13000,         0.99000
1916-11,         0.99000,         1.02000,         1.04000,         1.04000
1916-12,         1.02000,         0.99000,         0.97000,         1.06000
1917-01,         1.23000,         1.78000,         1.60000,         1.02000
1917-02,         0.98000,         0.98000,         1.03000,         1.05000
1917-03,         1.04000,         1.00000,         0.98000,         0.96000
1917-04,         1.56000,         1.83000,         1.49000,         0.98000
1917-05,         0.97000,         0.99000,         1.03000,         1.04000
1917-06,         1.03000,         1.00000,         0.98000,         0.99000
1917-07,         1.68000,         1.74000,         1.33000,         0.98000
1917-08,         0.98000,         1.00000,         1.04000,         1.05000
1917-09,         1.03000,         0.99000,         0.97000,         1.02000
1917-10,         1.67000,         1.66000,         1.13000,         0.99000
1917-11,         0.99000,         1.02000,         1.04000,         1.04000
1917-12,         1.02000,         0.99000,         0.97000,         1.06000
1918-01,         1.23000,         1.78000,         1.60000,         1.02000
1918-02,         0.98000,         0.98000,         1.03000,         1.05000
1918-03,         1.04000,         1.00000,         0.98000,         0.96000
1918-04,         1.56000,         1.83000,         1.49000,         0.98000
1918-05,         0.97000,         0.99000,         1.03000,         1.04000
1918-06,         1.03000,         1.00000,         0.98000,         0.99000
1918-07,         1.68000,         1.74000,         1.33000,         0.98000
1918-08,         0.98000,         1.00000,         1.04000,         1.05000
1918-09,         1.03000,         0.99000,         0.97000,         1.02000
1918-10,         1.67000,         1.66000,         1.13000,         0.99000
1918-11,         0.99000,         1.02000,         1.04000,         1.04000
1918-12,         1.02000,         0.99000,         0.97000,         1.06000
1919-01,         1.23000,         1.78000,         1.60000,         1.02000
1919-02,         0.98000,         0.98000,         1.03000,         1.05000
1919-03,         1.04000,         1.00000,         0.98000,         0.96000
1919-04,         1.56000,         1.83000,         1.49000,         0.98000
1919-05,         0.97000,         0.99000,         1.03000,         1.04000
1919-06,         1.03000,         1.00000,         0.98000,         0.99000
1919-07,         1.68000,         1.74000,         1.33000,         0.98000
1919-08,         0.98000,         1.00000,         1.04000,         1.05000
1919-09,         1.03000,         0.99000,         0.97000,         1.02000
1919-10,         1.67000,         1.66000,         1.13000,         0.99000
1919-11,         0.99000,         1.02000,         1.04000,         1.04000
1919-12,         1.02000,         0.99000,         0.97000,         1.06000
1920-01,         1.23000,         1.78000,         1.60000,         1.02000
1920-02,         0.98000,         0.98000,         1.03000,         1.05000
1920-03,         1.04000,         1.00000,         0.98000,         0.96000
1920-04,         1.56000,         1.83000,         1.49000,         0.98000
1920-05,         0.97000,         0.99000,         1.03000,         1.04000
1920-06,         1.03000,         1.00000,         0.98000,         0.99000
1920-07,         1.68000,         1.74000,         1.33000,         0.98000
1920-08,         0.98000,         1.00000,         1.04000,         1.05000
1920-09,         1.03000,         0.99000,         0.97000,         1.02000
1920-10,         1.67000,         1.66000,         1.13000,         0.99000
1920-11,         0.99000,         1.02000,         1.04000,         1.04000
1920-12,         1.02000,         0.99000,         0.97000,         1.06000
1921-01,         1.23000,         1.78000,         1.60000,         1.02000
1921-02,         0.98000,         0.98000,         1.03000,         1.05000
1921-03,         1.04000,         1.00000,         0.98000,         0.96000
1921-04,         1.56000,         1.83000,         1.49000,         0.98000
1921-05,         0.97000,         0.99000,         1.03000,         1.04000
1921-06,         1.03000,         1.00000,         0.98000,         0.99000
1921-07,         1.68000,         1.74000,         1.33000,         0.98000
1921-08,         0.98000,         1.00000,         1.04000,         1.05000
1921-09,         1.03000,         0.99000,         0.97000,         1.02000
1921-10,         1.67000,         1.66000,         1.13000,         0.99000
1921-11,         0.99000,         1.02000,         1.04000,         1.04000
1921-12,         1.02000,         0.99000,         0.97000,         1.06000
1922-01,         1.23000,         1.78000,         1.60000,         1.02000
1922-02,         0.98000,         0.98000,         1.03000,         1.05000
1922-03,         1.04000,         1.00000,         0.98000,         0.96000
1922-04,         1.56000,         1.83000,         1.49000,         0.98000
1922-05,         0.97000,         0.99000,         1.03000,         1.04000
1922-06,         1.03000,         1.00000,         0.98000,         0.99000
1922-07,         1.68000,         1.74000,         1.33000,         0.98000
1922-08,         0.98000,         1.00000,         1.04000,         1.05000
1922-09,         1.03000,         0.99000,         0.97000,         1.02000
1922-10,         1.67000,         1.66000,         1.13000,         0.99000
1922-11,         0.99000,         1.02000,         1.04000,         1.04000
1922-12,         1.02000,         0.99000,         0.97000,         1.06000
1923-01,         1.23000,         1.78000,         1.60000,         1.02000
1923-02,         0.98000,         0.98000,         1.03000,         1.05000
1923-03,         1.04000,         1.00000,         0.98000,         0.96000
1923-04,         1.56000,         1.83000,         1.49000,         0.98000
1923-05,         0.97000,         0.99000,         1.03000,         1.04000
1923-06,         1.03000,         1.00000,         0.98000,         0.99000
1923-07,         1.68000,         1.74000,         1.33000,         0.98000
1923-08,         0.98000,         1.00000,         1.04000,         1.05000
1923-09,         1.03000,         0.99000,         0.97000,         1.02000
1923-10,         1.67000,         1.66000,         1.13000,         0.99000
1923-11,         0.99000,         1.02000,         1.04000,         1.04000
1923-12,         1.02000,         0.99000,         0.97000,         1.06000
1924-01,         1.23000,         1.78000,         1.60000,         1.02000
1924-02,         0.98000,         0.98000,         1.03000,         1.05000
1924-03,         1.04000,         1.00000,         0.98000,         0.96000
1924-04,         1.56000,         1.83000,         1.49000,         0.98000
1924-05,         0.97000,         0.99000,         1.03000,         1.04000
1924-06,         1.03000,         1.00000,         0.98000,         0.99000
1924-07,         1.68000,         1.74000,         1.33000,         0.98000
1924-08,         0.98000,         1.00000,         1.04000,         1.05000
1924-09,         1.03000,         0.99000,         0.97000,         1.02000
1924-10,         1.67000,         1.66000,         1.13000,         0.99000
1924-11,         0.99000,         1.02000,         1.04000,         1.04000
1924-12,         1.02000,         0.99000,         0.97000,         1.06000
1925-01,         1.23000,         1.78000,         1.60000,         1.02000
1925-02,         0.98000,         0.98000,         1.03000,         1.05000
1925-03,         1.04000,         1.00000,         0.98000,         0.96000
1925-04,         1.56000,         1.83000,         1.49000,         0.98000
1925-05,         0.97000,         0.99000,         1.03000,         1.04000
1925-06,         1.03000,         1.00000,         0.98000,         0.99000
1925-07,         1.68000,         1.74000,         1.33000,         0.98000
1925-08,         0.98000,         1.00000,         1.04000,         1.05000
1925-09,         1.03000,         0.99000,         0.97000,         1.02000
1925-10,         1.67000,         1.66000,         1.13000,         0.99000
1925-11,         0.99000,         1.02000,         1.04000,         1.04000
1925-12,         1.02000,         0.99000,         0.97000,         1.06000
1926-01,         1.23000,         1.78000,         1.60000,         1.02000
1926-02,         0.98000,         0.98000,         1.03000,         1.05000
1926-03,         1.04000,         1.00000,         0.98000,         0.96000
1926-04,         1.56000,         1.83000,         1.49000,         0.98000
1926-05,         0.97000,         0.99000,         1.03000,         1.04000
1926-06,         1.03000,         1.00000,         0.98000,         0.99000
1926-07,         1.68000,         1.74000,         1.33000,         0.98000
1926-08,         0.98000,         1.00000,         1.04000,         1.05000
1926-09,         1.03000,         0.99000,         0.97000,         1.02000
1926-10,         1.67000,         1.66000,         1.13000,         0.99000
1926-11,         0.99000,         1.02000,         1.04000,         1.04000
1926-12,         1.02000,         0.99000,         0.97000,         1.06000
1927-01,         1.23000,         1.78000,         1.60000,         1.02000
1927-02,         0.98000,         0.98000,         1.03000,         1.05000
1927-03,         1.04000,         1.00000,         0.98000,         0.96000
1927-04,         1.56000,         1.83000,         1.49000,         0.98000
1927-05,         0.97000,         0.99000,         1.03000,         1.04000
1927-06,         1.03000,         1.00000,         0.98000,         0.99000
1927-07,         1.68000,         1.74000,         1.33000,         0.98000
1927-08,         0.98000,         1.00000,         1.04000,         1.05000
1927-09,         1.03000,         0.99000,         0.97000,         1.02000
1927-10,         1.67000,         1.66000,         1.13000,         0.99000
1927-11,         0.99000,         1.02000,         1.04000,         1.04000
1927-12,         1.02000,         0.99000,         0.97000,         1.06000
1928-01,         1.23000,         1.78000,         1.60000,         1.02000
1928-02,         0.98000,         0.98000,         1.03000,         1.05000
1928-03,         1.04000,         1.00000,         0.98000,         0.96000
1928-04,         1.56000,         1.83000,         1.49000,         0.98000
1928-05,         0.97000,         0.99000,         1.03000,         1.04000
1928-06,         1.03000,         1.00000,         0.98000,         0.99000
1928-07,         1.68000,         1.74000,         1.33000,         0.98000
1928-08,         0.98000,         1.00000,         1.04000,         1.05000
1928-09,         1.03000,         0.99000,         0.97000,         1.02000
1928-10,         1.67000,         1.66000,         1.13000,         0.99000
1928-11,         0.99000,         1.02000,         1.04000,         1.04000
1928-12,         1.02000,         0.99000,         0.97000,         1.06000
1929-01,         1.23000,         1.78000,         1.60000,         1.02000
1929-02,         0.98000,         0.98000,         1.03000,         1.05000
1929-03,         1.04000,         1.00000,         0.98000,         0.96000
1929-04,         1.56000,         1.83000,         1.49000,         0.98000
1929-05,         0.97000,         0.99000,         1.03000,         1.04000
1929-06,         1.03000,         1.00000,         0.98000,         0.99000
1929-07,         1.68000,         1.74000,         1.33000,         0.98000
1929-08,         0.98000,         1.00000,         1.04000,         1.05000
1929-09,         1.03000,         0.99000,         0.97000,         1.02000
1929-10,         1.67000,         1.66000,         1.13000,         0.99000
1929-11,         0.99000,         1.02000,         1.04000,         1.04000
1929-12,         1.02000,         0.99000,         0.97000,         1.06000
1930-01,         1.23000,         1.78000,         1.60000,         1.02000
1930-02,         0.98000,         0.98000,         1.03000,         1.05000
1930-03,         1.04000,         1.00000,         0.98000,         0.96000
1930-04,         1.56000,         1.83000,         1.49000,         0.98000
1930-05,         0.97000,         0.99000,         1.03000,         1.04000
1930-06,         1.03000,         1.00000,         0.98000,         0.99000
1930-07,         1.68000,         1.74000,         1.33000,         0.98000
1930-08,         0.98000,         1.00000,         1.04000,         1.05000
1930-09,         1.03000,         0.99000,         0.97000,         1.02000
1930-10,         1.67000,         1.66000,         1.13000,         0.99000
1930-11,         0.99000,         1.02000,         1.04000,         1.04000
1930-12,         1.02000,         0.99000,         0.97000,         1.06000
1931-01,         1.23000,         1.78000,         1.60000,         1.02000
1931-02,         0.98000,         0.98000,         1.03000,         1.05000
1931-03,         1.04000,         1.00000,         0.98000,         0.96000
1931-04,         1.56000,         1.83000,         1.49000,         0.98000
1931-05,         0.97000,         0.99000,         1.03000,         1.04000
1931-06,         1.03000,         1.00000,         0.98000,         0.99000
1931-07,         1.68000,         1.74000,         1.33000,         0.98000
1931-08,         0.98000,         1.00000,         1.04000,         1.05000
1931-09,         1.03000,         0.99000,         0.97000,         1.02000
1931-10,         1.67000,         1.66000,         1.13000,         0.99000
1931-11,         0.99000,         1.02000,         1.04000,         1.04000
1931-12,         1.02000,         0.99000,         0.97000,         1.06000
1932-01,         1.23000,         1.78000,         1.60000,         1.02000
1932-02,         0.98000,         0.98000,         1.03000,         1.05000
1932-03,         1.04000,         1.00000,         0.98000,         0.96000
1932-04,         1.56000,         1.83000,         1.49000,         0.98000
1932-05,         0.97000,         0.99000,         1.03000,         1.04000
1932-06,         1.03000,         1.00000,         0.98000,         0.99000
1932-07,         1.68000,         1.74000,         1.33000,         0.98000
1932-08,         0.98000,         1.00000,         1.04000,         1.05000
1932-09,         1.03000,         0.99000,         0.97000,         1.02000
1932-10,         1.67000,         1.66000,         1.13000,         0.99000
1932-11,         0.99000,         1.02000,         1.04000,         1.04000
1932-12,         1.02000,         0.99000,         0.97000,         1.06000
1933-01,         1.23000,         1.78000,         1.60000,         1.02000
1933-02,         0.98000,         0.98000,         1.03000,         1.05000
1933-03,         1.04000,         1.00000,         0.98000,         0.96000
1933-04,         1.56000,         1.83000,         1.49000,         0.98000
1933-05,         0.97000,         0.99000,         1.03000,         1.04000
1933-06,         1.03000,         1.00000,         0.98000,         0.99000
1933-07,         1.68000,         1.74000,         1.33000,         0.98000
1933-08,         0.98000,         1.00000,         1.04000,         1.05000
1933-09,         1.03000,         0.99000,         0.97000,         1.02000
1933-10,         1.67000,         1.66000,         1.13000,         0.99000
1933-11,         0.99000,         1.02000,         1.04000,         1.04000
1933-12,         1.02000,         0.99000,         0.97000,         1.06000
1934-01,         1.23000,         1.78000,         1.60000,         1.02000
1934-02,         0.98000,         0.98000,         1.03000,         1.05000
1934-03,         1.04000,         1.00000,         0.98000,         0.96000
1934-04,         1.56000,         1.83000,         1.49000,         0.98000
1934-05,         0.97000,         0.99000,         1.03000,         1.04000
1934-06,         1.03000,         1.00000,         0.98000,         0.99000
1934-07,         1.68000,         1.74000,         1.33000,         0.98000
1934-08,         0.98000,         1.00000,         1.04000,         1.05000
1934-09,         1.03000,         0.99000,         0.97000,         1.02000
1934-10,         1.67000,         1.66000,         1.13000,         0.99000
1934-11,         0.99000,         1.02000,         1.04000,         1.04000
1934-12,         1.02000,         0.99000,         0.97000,         1.06000
1935-01,         1.23000,         1.78000,         1.60000,         1.02000
1935-02,         0.98000,         0.98000,         1.03000,         1.05000
1935-03,         1.04000,         1.00000,         0.98000,         0.96000
1935-04,         1.56000,         1.83000,         1.49000,         0.98000
1935-05,         0.97000,         0.99000,         1.03000,         1.04000
1935-06,         1.03000,         1.00000,         0.98000,         0.99000
1935-07,         1.68000,         1.74000,         1.33000,         0.98000
1935-08,         0.98000,         1.00000,         1.04000,         1.05000
1935-09,         1.03000,         0.99000,         0.97000,         1.02000
1935-10,         1.67000,         1.66000,         1.13000,         0.99000
1935-11,         0.99000,         1.02000,         1.04000,         1.04000
1935-12,         1.02000,         0.99000,         0.97000,         1.06000
1936-01,         1.23000,         1.78000,         1.60000,         1.02000
1936-02,         0.98000,         0.98000,         1.03000,         1.05000
1936-03,         1.04000,         1.00000,         0.98000,         0.96000
1936-04,         1.56000,         1.83000,         1.49000,         0.98000
1936-05,         0.97000,         0.99000,         1.03000,         1.04000
1936-06,         1.03000,         1.00000,         0.98000,         0.99000
1936-07,         1.68000,         1.74000,         1.33000,         0.98000
1936-08,         0.98000,         1.00000,         1.04000,         1.05000
1936-09,         1.03000,         0.99000,         0.97000,         1.02000
1936-10,         1.67000,         1.66000,         1.13000,         0.99000
1936-11,         0.99000,         1.02000,         1.04000,         1.04000
1936-12,         1.02000,         0.99000,         0.97000,         1.06000
1937-01,         1.23000,         1.78000,         1.60000,         1.02000
1937-02,         0.98000,         0.98000,         1.03000,         1.05000
1937-03,         1.04000,         1.00000,         0.98000,         0.96000
1937-04,         1.56000,         1.83000,         1.49000,         0.98000
1937-05,         0.97000,         0.99000,         1.03000,         1.04000
1937-06,         1.03000,         1.00000,         0.98000,         0.99000
1937-07,         1.68000,         1.74000,         1.33000,         0.98000
1937-08,         0.98000,         1.00000,         1.04000,         1.05000
1937-09,         1.03000,         0.99000,         0.97000,         1.02000
1937-10,         1.67000,         1.66000,         1.13000,         0.99000
1937-11,         0.99000,         1.02000,         1.04000,         1.04000
1937-12,         1.02000,         0.99000,         0.97000,         1.06000
1938-01,         1.23000,         1.78000,         1.60000,         1.02000
1938-02,         0.98000,         0.98000,         1.03000,         1.05000
1938-03,         1.04000,         1.00000,         0.98000,         0.96000
1938-04,         1.56000,         1.83000,         1.49000,         0.98000
1938-05,         0.97000,         0.99000,         1.03000,         1.04000
1938-06,         1.03000,         1.00000,         0.98000,         0.99000
1938-07,         1.68000,         1.74000,         1.33000,         0.98000
1938-08,         0.98000,         1.00000,         1.04000,         1.05000
1938-09,         1.03000,         0.99000,         0.97000,         1.02000
1938-10,         1.67000,         1.66000,         1.13000,         0.99000
1938-11,         0.99000,         1.02000,         1.04000,         1.04000
1938-12,         1.02000,         0.99000,         0.97000,         1.06000
1939-01,         1.23000,         1.78000,         1.60000,         1.02000
1939-02,         0.98000,         0.98000,         1.03000,         1.05000
1939-03,         1.04000,         1.00000,         0.98000,         0.96000
1939-04,         1.56000,         1.83000,         1.49000,         0.98000
1939-05,         0.97000,         0.99000,         1.03000,         1.04000
1939-06,         1.03000,         1.00000,         0.98000,         0.99000
1939-07,         1.68000,         1.74000,         1.33000,         0.98000
1939-08,         0.98000,         1.00000,         1.04000,         1.05000
1939-09,         1.03000,         0.99000,         0.97000,         1.02000
1939-10,         1.67000,         1.66000,         1.13000,         0.99000
1939-11,         0.99000,         1.02000,         1.04000,         1.04000
1939-12,         1.02000,         0.99000,         0.97000,         1.06000
1940-01,         1.23000,         1.78000,         1.60000,         1.02000
1940-02,         0.98000,         0.98000,         1.03000,         1.05000
1940-03,         1.04000,         1.00000,         0.98000,         0.96000
1940-04,         1.56000,         1.83000,         1.49000,         0.98000
1940-05,         0.97000,         0.99000,         1.03000,         1.04000
1940-06,         1.03000,         1.00000,         0.98000,         0.99000
1940-07,         1.68000,         1.74000,         1.33000,         0.98000
1940-08,         0.98000,         1.00000,         1.04000,         1.05000
1940-09,         1.03000,         0.99000,         0.97000,         1.02000
1940-10,         1.67000,         1.66000,         1.13000,         0.99000
1940-11,         0.99000,         1.02000,         1.04000,         1.04000
1940-12,         1.02000,         0.99000,         0.97000,         1.06000
1941-01,         1.23000,         1.78000,         1.60000,         1.02000
1941-02,         0.98000,         0.98000,         1.03000,         1.05000
1941-03,         1.04000,         1.00000,         0.98000,         0.96000
1941-04,         1.56000,         1.83000,         1.49000,         0.98000
1941-05,         0.97000,         0.99000,         1.03000,         1.04000
1941-06,         1.03000,         1.00000,         0.98000,         0.99000
1941-07,         1.68000,         1.74000,         1.33000,         0.98000
1941-08,         0.98000,         1.00000,         1.04000,         1.05000
1941-09,         1.03000,         0.99000,         0.97000,         1.02000
1941-10,         1.67000,         1.66000,         1.13000,         0.99000
1941-11,         0.99000,         1.02000,         1.04000,         1.04000
1941-12,         1.02000,         0.99000,         0.97000,         1.06000
1942-01,         1.23000,         1.78000,         1.60000,         1.02000
1942-02,         0.98000,         0.98000,         1.03000,         1.05000
1942-03,         1.04000,         1.00000,         0.98000,         0.96000
1942-04,         1.56000,         1.83000,         1.49000,         0.98000
1942-05,         0.97000,         0.99000,         1.03000,         1.04000
1942-06,         1.03000,         1.00000,         0.98000,         0.99000
1942-07,         1.68000,         1.74000,         1.33000,         0.98000
1942-08,         0.98000,         1.00000,         1.04000,         1.05000
1942-09,         1.03000,         0.99000,         0.97000,         1.02000
1942-10,         1.67000,         1.66000,         1.13000,         0.99000
1942-11,         0.99000,         1.02000,         1.04000,         1.04000
1942-12,         1.02000,         0.99000,         0.97000,         1.06000
1943-01,         1.23000,         1.78000,         1.60000,         1.02000
1943-02,         0.98000,         0.98000,         1.03000,         1.05000
1943-03,         1.04000,         1.00000,         0.98000,         0.96000
1943-04,         1.56000,         1.83000,         1.49000,         0.98000
1943-05,         0.97000,         0.99000,         1.03000,         1.04000
1943-06,         1.03000,         1.00000,         0.98000,         0.99000
1943-07,         1.68000,         1.74000,         1.33000,         0.98000
1943-08,         0.98000,         1.00000,         1.04000,         1.05000
1943-09,         1.03000,         0.99000,         0.97000,         1.02000
1943-10,         1.67000,         1.66000,         1.13000,         0.99000
1943-11,         0.99000,         1.02000,         1.04000,         1.04000
1943-12,         1.02000,         0.99000,         0.97000,         1.06000
1944-01,         1.23000,         1.78000,         1.60000,         1.02000
1944-02,         0.98000,         0.98000,         1.03000,         1.05000
1944-03,         1.04000,         1.00000,         0.98000,         0.96000
1944-04,         1.56000,         1.83000,         1.49000,         0.98000
1944-05,         0.97000,         0.99000,         1.03000,         1.04000
1944-06,         1.03000,         1.00000,         0.98000,         0.99000
1944-07,         1.68000,         1.74000,         1.33000,         0.98000
1944-08,         0.98000,         1.00000,         1.04000,         1.05000
1944-09,         1.03000,         0.99000,         0.97000,         1.02000
1944-10,         1.67000,         1.66000,         1.13000,         0.99000
1944-11,         0.99000,         1.02000,         1.04000,         1.04000
1944-12,         1.02000,         0.99000,         0.97000,         1.06000
1945-01,         1.23000,         1.78000,         1.60000,         1.02000
1945-02,         0.98000,         0.98000,         1.03000,         1.05000
1945-03,         1.04000,         1.00000,         0.98000,         0.96000
1945-04,         1.56000,         1.83000,         1.49000,         0.98000
1945-05,         0.97000,         0.99000,         1.03000,         1.04000
1945-06,         1.03000,         1.00000,         0.98000,         0.99000
1945-07,         1.68000,         1.74000,         1.33000,         0.98000
1945-08,         0.98000,         1.00000,         1.04000,         1.05000
1945-09,         1.03000,         0.99000,         0.97000,         1.02000
1945-10,         1.67000,         1.66000,         1.13000,         0.99000
1945-11,         0.99000,         1.02000,         1.04000,         1.04000
1945-12,         1.02000,         0.99000,         0.97000,         1.06000
1946-01,         1.23000,         1.78000,         1.60000,         1.02000
1946-02,         0.98000,         0.98000,         1.03000,         1.05000
1946-03,         1.04000,         1.00000,         0.98000,         0.96000
1946-04,         1.56000,         1.83000,         1.49000,         0.98000
1946-05,         0.97000,         0.99000,         1.03000,         1.04000
1946-06,         1.03000,         1.00000,         0.98000,         0.99000
1946-07,         1.68000,         1.74000,         1.33000,         0.98000
1946-08,         0.98000,         1.00000,         1.04000,         1.05000
1946-09,         1.03000,         0.99000,         0.97000,         1.02000
1946-10,         1.67000,         1.66000,         1.13000,         0.99000
1946-11,         0.99000,         1.02000,         1.04000,         1.04000
1946-12,         1.02000,         0.99000,         0.97000,         1.06000
1947-01,         1.23000,         1.78000,         1.60000,         1.02000
1947-02,         0.98000,         0.98000,         1.03000,         1.05000
1947-03,         1.04000,         1.00000,         0.98000,         0.96000
1947-04,         1.56000,         1.83000,         1.49000,         0.98000
1947-05,         0.97000,         0.99000,         1.03000,         1.04000
1947-06,         1.03000,         1.00000,         0.98000,         0.99000
1947-07,         1.68000,         1.74000,         1.33000,         0.98000
1947-08,         0.98000,         1.00000,         1.04000,         1.05000
1947-09,         1.03000,         0.99000,         0.97000,         1.02000
1947-10,         1.67000,         1.66000,         1.13000,         0.99000
1947-11,         0.99000,         1.02000,         1.04000,         1.04000
1947-12,         1.02000,         0.99000,         0.97000,         1.06000
1948-01,         1.23000,         1.78000,         1.60000,         1.02000
1948-02,         0.98000,         0.98000,         1.03000,         1.05000
1948-03,         1.04000,         1.00000,         0.98000,         0.96000
1948-04,         1.56000,         1.83000,         1.49000,         0.98000
1948-05,         0.97000,         0.99000,         1.03000,         1.04000
1948-06,         1.03000,         1.00000,         0.98000,         0.99000
1948-07,         1.68000,         1.74000,         1.33000,         0.98000
1948-08,         0.98000,         1.00000,         1.04000,         1.05000
1948-09,         1.03000,         0.99000,         0.97000,         1.02000
1948-10,         1.67000,         1.66000,         1.13000,         0.99000
1948-11,         0.99000,         1.02000,         1.04000,         1.04000
1948-12,         1.02000,         0.99000,         0.97000,         1.06000
1949-01,         1.23000,         1.78000,         1.60000,         1.02000
1949-02,         0.98000,         0.98000,         1.03000,         1.05000
1949-03,         1.04000,         1.00000,         0.98000,         0.96000
1949-04,         1.56000,         1.83000,         1.49000,         0.98000
1949-05,         0.97000,         0.99000,         1.03000,         1.04000
1949-06,         1.03000,         1.00000,         0.98000,         0.99000
1949-07,         1.68000,         1.74000,         1.33000,         0.98000
1949-08,         0.98000,         1.00000,         1.04000,         1.05000
1949-09,         1.03000,         0.99000,         0.97000,         1.02000
1949-10,         1.67000,         1.66000,         1.13000,         0.99000
1949-11,         0.99000,         1.02000,         1.04000,         1.04000
1949-12,         1.02000,         0.99000,         0.97000,         1.06000
1950-01,         1.23000,         1.78000,         1.60000,         1.02000
1950-02,         0.98000,         0.98000,         1.03000,         1.05000
1950-03,         1.04000,         1.00000,         0.98000,         0.96000
1950-04,         1.56000,         1.83000,         1.49000,         0.98000
1950-05,         0.97000,         0.99000,         1.03000,         1.04000
1950-06,         1.03000,         1.00000,         0.98000,         0.99000
1950-07,         1.68000,         1.74000,         1.33000,         0.98000
1950-08,         0.98000,         1.00000,         1.04000,         1.05000
1950-09,         1.03000,         0.99000,         0.97000,         1.02000
1950-10,         1.67000,         1.66000,         1.13000,         0.99000
1950-11,         0.99000,         1.02000,         1.04000,         1.04000
1950-12,         1.02000,         0.99000,         0.97000,         1.06000
1951-01,         1.23000,         1.78000,         1.60000,         1.02000
1951-02,         0.98000,         0.98000,         1.03000,         1.05000
1951-03,         1.04000,         1.00000,         0.98000,         0.96000
1951-04,         1.56000,         1.83000,         1.49000,         0.98000
1951-05,         0.97000,         0.99000,         1.03000,         1.04000
1951-06,         1.03000,         1.00000,         0.98000,         0.99000
1951-07,         1.68000,         1.74000,         1.33000,         0.98000
1951-08,         0.98000,         1.00000,         1.04000,         1.05000
1951-09,         1.03000,         0.99000,         0.97000,         1.02000
1951-10,         1.67000,         1.66000,         1.13000,         0.99000
1951-11,         0.99000,         1.02000,         1.04000,         1.04000
1951-12,         1.02000,         0.99000,         0.97000,         1.06000
1952-01,         1.23000,         1.78000,         1.60000,         1.02000
1952-02,         0.98000,         0.98000,         1.03000,         1.05000
1952-03,         1.04000,         1.00000,         0.98000,         0.96000
1952-04,         1.56000,         1.83000,         1.49000,         0.98000
1952-05,         0.97000,         0.99000,         1.03000,         1.04000
1952-06,         1.03000,         1.00000,         0.98000,         0.99000
1952-07,         1.68000,         1.74000,         1.33000,         0.98000
1952-08,         0.98000,         1.00000,         1.04000,         1.05000
1952-09,         1.03000,         0.99000,         0.97000,         1.02000
1952-10,         1.67000,         1.66000,         1.13000,         0.99000
1952-11,         0.99000,         1.02000,         1.04000,         1.04000
1952-12,         1.02000,         0.99000,         0.97000,         1.06000
1953-01,         1.23000,         1.78000,         1.60000,         1.02000
1953-02,         0.98000,         0.98000,         1.03000,         1.05000
1953-03,         1.04000,         1.00000,         0.98000,         0.96000
1953-04,         1.56000,         1.83000,         1.49000,         0.98000
1953-05,         0.97000,         0.99000,         1.03000,         1.04000
1953-06,         1.03000,         1.00000,         0.98000,         0.99000
1953-07,         1.68000,         1.74000,         1.33000,         0.98000
1953-08,         0.98000,         1.00000,         1.04000,         1.05000
1953-09,         1.03000,         0.99000,         0.97000,         1.02000
1953-10,         1.67000,         1.66000,         1.13000,         0.99000
1953-11,         0.99000,         1.02000,         1.04000,         1.04000
1953-12,         1.02000,         0.99000,         0.97000,         1.06000
1954-01,         1.23000,         1.78000,         1.60000,         1.02000
1954-02,         0.98000,         0.98000,         1.03000,         1.05000
1954-03,         1.04000,         1.00000,         0.98000,         0.96000
1954-04,         1.56000,         1.83000,         1.49000,         0.98000
1954-05,         0.97000,         0.99000,         1.03000,         1.04000
1954-06,         1.03000,         1.00000,         0.98000,         0.99000
1954-07,         1.68000,         1.74000,         1.33000,         0.98000
1954-08,         0.98000,         1.00000,         1.04000,         1.05000
1954-09,         1.03000,         0.99000,         0.97000,         1.02000
1954-10,         1.67000,         1.66000,         1.13000,         0.99000
1954-11,         0.99000,         1.02000,         1.04000,         1.04000
1954-12,         1.02000,         0.99000,         0.97000,         1.06000
1955-01,         1.23000,         1.78000,         1.60000,         1.02000
1955-02,         0.98000,         0.98000,         1.03000,         1.05000
1955-03,         1.04000,         1.00000,         0.98000,         0.96000
1955-04,         1.56000,         1.83000,         1.49000,         0.98000
1955-05,         0.97000,         0.99000,         1.03000,         1.04000
1955-06,         1.03000,         1.00000,         0.98000,         0.99000
1955-07,         1.68000,         1.74000,         1.33000,         0.98000
1955-08,         0.98000,         1.00000,         1.04000,         1.05000
1955-09,         1.03000,         0.99000,         0.97000,         1.02000
1955-10,         1.67000,         1.66000,         1.13000,         0.99000
1955-11,         0.99000,         1.02000,         1.04000,         1.04000
1955-12,         1.02000,         0.99000,         0.97000,         1.06000
1956-01,         1.23000,         1.78000,         1.60000,         1.02000
1956-02,         0.98000,         0.98000,         1.03000,         1.05000
1956-03,         1.04000,         1.00000,         0.98000,         0.96000
1956-04,         1.56000,         1.83000,         1.49000,         0.98000
1956-05,         0.97000,         0.99000,         1.03000,         1.04000
1956-06,         1.03000,         1.00000,         0.98000,         0.99000
1956-07,         1.68000,         1.74000,         1.33000,         0.98000
1956-08,         0.98000,         1.00000,         1.04000,         1.05000
1956-09,         1.03000,         0.99000,         0.97000,         1.02000
1956-10,         1.67000,         1.66000,         1.13000,         0.99000
1956-11,         0.99000,         1.02000,         1.04000,         1.04000
1956-12,         1.02000,         0.99000,         0.97000,         1.06000
1957-01,         1.23000,         1.78000,         1.60000,         1.02000
1957-02,         0.98000,         0.98000,         1.03000,         1.05000
1957-03,         1.04000,         1.00000,         0.98000,         0.96000
1957-04,         1.56000,         1.83000,         1.49000,         0.98000
1957-05,         0.97000,         0.99000,         1.03000,         1.04000
1957-06,         1.03000,         1.00000,         0.98000,         0.99000
1957-07,         1.68000,         1.74000,         1.33000,         0.98000
1957-08,         0.98000,         1.00000,         1.04000,         1.05000
1957-09,         1.03000,         0.99000,         0.97000,         1.02000
1957-10,         1.67000,         1.66000,         1.13000,         0.99000
1957-11,         0.99000,         1.02000,         1.04000,         1.04000
1957-12,         1.02000,         0.99000,         0.97000,         1.06000
1958-01,         1.23000,         1.78000,         1.60000,         1.02000
1958-02,         0.98000,         0.98000,         1.03000,         1.05000
1958-03,         1.04000,         1.00000,         0.98000,         0.96000
1958-04,         1.56000,         1.83000,         1.49000,         0.98000
1958-05,         0.97000,         0.99000,         1.03000,         1.04000
1958-06,         1.03000,         1.00000,         0.98000,         0.99000
1958-07,         1.68000,         1.74000,         1.33000,         0.98000
1958-08,         0.98000,         1.00000,         1.04000,         1.05000
1958-09,         1.03000,         0.99000,         0.97000,         1.02000
1958-10,         1.67000,         1.66000,         1.13000,         0.99000
1958-11,         0.99000,         1.02000,         1.04000,         1.04000
1958-12,         1.02000,         0.99000,         0.97000,         1.06000
1959-01,         1.23000,         1.78000,         1.60000,         1.02000
1959-02,         0.98000,         0.98000,         1.03000,         1.05000
1959-03,         1.04000,         1.00000,         0.98000,         0.96000
1959-04,         1.56000,         1.83000,         1.49000,         0.98000
1959-05,         0.97000,         0.99000,         1.03000,         1.04000
1959-06,         1.03000,         1.00000,         0.98000,         0.99000
1959-07,         1.68000,         1.74000,         1.33000,         0.98000
1959-08,         0.98000,         1.00000,         1.04000,         1.05000
1959-09,         1.03000,         0.99000,         0.97000,         1.02000
1959-10,         1.67000,         1.66000,         1.13000,         0.99000
1959-11,         0.99000,         1.02000,         1.04000,         1.04000
1959-12,         1.02000,         0.99000,         0.97000,         1.06000
1960-01,         0.97000,         1.97000,         2.03000,         1.10000
1960-02,         0.97000,         0.97000,         1.03000,         1.00000
1960-03,         1.02000,         0.95000,         0.93000,         0.86000
1960-04,         2.18000,         1.88000,         1.88000,         0.88000
1960-05,         1.02000,         1.03000,         1.01000,         1.02000
1960-06,         0.98000,         1.01000,         0.95000,         0.87000
1960-07,         2.10000,         2.09000,         1.82000,         0.93000
1960-08,         1.02000,         0.98000,         0.99000,         1.03000
1960-09,         1.04000,         0.98000,         0.88000,         0.87000
1960-10,         1.97000,         2.08000,         1.73000,         1.02000
1960-11,         1.01000,         1.00000,         1.01000,         0.99000
1960-12,         1.00000,         1.03000,         0.93000,         0.90000
1961-01,         1.36000,         1.77000,         1.18000,         0.96000
1961-02,         1.00000,         0.94000,         0.98000,         1.05000
1961-03,         1.02000,         0.98000,         0.95000,         0.92000
1961-04,         1.31000,         1.70000,         1.20000,         1.07000
1961-05,         0.98000,         0.99000,         1.01000,         0.99000
1961-06,         1.00000,         0.99000,         0.97000,         0.90000
1961-07,         1.71000,         1.69000,         1.09000,         1.06000
1961-08,         0.98000,         0.97000,         1.04000,         1.02000
1961-09,         1.01000,         1.02000,         0.99000,         1.03000
1961-10,         1.76000,         1.55000,         0.97000,         1.00000
1961-11,         0.95000,         0.98000,         1.03000,         1.00000
1961-12,         0.97000,         0.99000,         0.95000,         0.98000
1962-01,         1.07000,         1.95000,         1.87000,         0.98000
1962-02,         1.06000,         0.98000,         1.01000,         1.05000
1962-03,         1.04000,         1.09000,         1.06000,         0.96000
1962-04,         2.03000,         1.76000,         1.77000,         1.01000
1962-05,         1.07000,         0.99000,         1.03000,         1.04000
1962-06,         1.00000,         1.06000,         1.12000,         0.99000
1962-07,         2.09000,         1.73000,         1.28000,         1.02000
1962-08,         0.98000,         1.00000,         1.04000,         1.05000
1962-09,         1.04000,         1.04000,         1.03000,         1.17000
1962-10,         1.80000,         1.98000,         1.00000,         1.09000
1962-11,         0.99000,         1.02000,         1.04000,         1.04000
1962-12,         1.22000,         1.10000,         1.02000,         0.99000
1963-01,         1.82000,         2.33000,         2.16000,         1.02000
1963-02,         0.98000,         0.98000,         1.03000,         1.05000
1963-03,         1.04000,         0.95000,         1.00000,         0.98000
1963-04,         1.57000,         2.18000,         2.11000,         0.98000
1963-05,         0.97000,         0.99000,         1.03000,         1.04000
1963-06,         1.07000,         0.98000,         1.03000,         0.99000
1963-07,         1.98000,         2.10000,         2.14000,         0.98000
1963-08,         0.98000,         1.00000,         1.04000,         1.05000
1963-09,         1.07000,         1.00000,         0.94000,         0.94000
1963-10,         2.19000,         2.15000,         1.82000,         0.99000
1963-11,         0.99000,         1.02000,         1.04000,         1.04000
1963-12,         1.04000,         0.97000,         0.92000,         1.19000
1964-01,         1.16000,         1.30000,         1.15000,         1.00000
1964-02,         1.02000,         1.02000,         1.03000,         1.08000
1964-03,         1.01000,         0.96000,         0.96000,         1.05000
1964-04,         1.12000,         1.28000,         1.20000,         0.94000
1964-05,         0.97000,         1.06000,         1.10000,         0.98000
1964-06,         1.01000,         0.92000,         0.94000,         0.90000
1964-07,         1.12000,         1.28000,         0.93000,         1.04000
1964-08,         0.96000,         1.00000,         1.05000,         1.03000
1964-09,         1.04000,         0.96000,         0.90000,         0.92000
1964-10,         1.11000,         1.33000,         0.93000,         1.06000
1964-11,         0.92000,         1.00000,         1.08000,         0.99000
1964-12,         0.92000,         0.93000,         0.96000,         0.99000
1965-01,         0.98000,         1.60000,         1.48000,         1.03000
1965-02,         1.03000,         1.02000,         1.06000,         1.05000
1965-03,         1.06000,         0.98000,         0.91000,         0.82000
1965-04,         0.91000,         1.60000,         1.09000,         1.00000
1965-05,         1.01000,         1.03000,         1.03000,         1.04000
1965-06,         1.07000,         0.95000,         0.96000,         1.06000
1965-07,         1.52000,         1.49000,         1.00000,         0.99000
1965-08,         1.02000,         1.01000,         1.14000,         1.06000
1965-09,         1.02000,         1.01000,         0.99000,         0.92000
1965-10,         1.66000,         1.48000,         1.11000,         1.00000
1965-11,         1.02000,         1.02000,         1.06000,         1.04000
1965-12,         1.07000,         0.89000,         0.94000,         0.97000
1966-01,         0.96000,         1.93000,         1.42000,         0.93000
1966-02,         0.93000,         0.98000,         1.03000,         1.01000
1966-03,         1.03000,         0.89000,         0.91000,         0.96000
1966-04,         1.01000,         1.76000,         1.10000,         0.94000
1966-05,         1.01000,         0.99000,         1.03000,         1.05000
1966-06,         1.02000,         0.94000,         0.94000,         0.99000
1966-07,         1.23000,         1.52000,         0.96000,         0.98000
1966-08,         0.98000,         1.00000,         1.04000,         1.06000
1966-09,         1.05000,         0.92000,         0.98000,         0.97000
1966-10,         1.45000,         1.63000,         0.90000,         1.02000
1966-11,         0.99000,         1.03000,         1.04000,         1.00000
1966-12,         0.93000,         0.93000,         0.96000,         0.92000
1967-01,         1.01000,         1.23000,         1.93000,         1.06000
1967-02,         0.98000,         0.98000,         1.03000,         1.05000
1967-03,         1.04000,         1.03000,         0.94000,         0.99000
1967-04,         0.93000,         1.65000,         2.11000,         0.99000
1967-05,         0.97000,         0.99000,         1.03000,         1.04000
1967-06,         1.06000,         1.00000,         0.96000,         0.95000
1967-07,         0.93000,         1.67000,         2.06000,         0.98000
1967-08,         0.98000,         1.00000,         1.04000,         1.05000
1967-09,         1.03000,         0.96000,         0.95000,         0.92000
1967-10,         1.06000,         1.60000,         1.40000,         0.99000
1967-11,         0.99000,         1.02000,         1.04000,         1.04000
1967-12,         1.02000,         0.95000,         0.89000,         0.94000
1968-01,         1.05000,         1.49000,         1.58000,         0.91000
1968-02,         0.94000,         0.98000,         1.07000,         1.04000
1968-03,         1.02000,         0.95000,         1.03000,         0.91000
1968-04,         1.78000,         1.55000,         1.52000,         0.91000
1968-05,         0.99000,         0.99000,         1.08000,         1.00000
1968-06,         1.03000,         1.00000,         1.03000,         0.94000
1968-07,         1.87000,         1.65000,         1.24000,         1.01000
1968-08,         0.99000,         1.00000,         1.02000,         1.04000
1968-09,         1.02000,         0.98000,         0.98000,         1.02000
1968-10,         1.66000,         1.69000,         0.93000,         0.93000
1968-11,         1.06000,         1.02000,         1.02000,         1.01000
1968-12,         0.98000,         0.96000,         0.96000,         1.34000
1969-01,         1.89000,         1.70000,         1.59000,         0.94000
1969-02,         0.97000,         0.96000,         0.98000,         1.00000
1969-03,         1.03000,         1.01000,         1.02000,         1.00000
1969-04,         1.95000,         1.67000,         1.40000,         0.92000
1969-05,         0.93000,         0.98000,         1.02000,         1.00000
1969-06,         1.00000,         0.97000,         1.00000,         0.97000
1969-07,         1.92000,         1.56000,         1.10000,         1.03000
1969-08,         0.99000,         0.99000,         1.02000,         0.99000
1969-09,         1.02000,         0.94000,         0.92000,         0.96000
1969-10,         1.76000,         1.61000,         0.90000,         1.00000
1969-11,         0.96000,         1.02000,         1.04000,         0.99000
1969-12,         1.00000,         0.94000,         0.95000,         1.05000
1970-01,         1.24000,         1.72000,         1.75000,         0.95000
1970-02,         0.92000,         0.98000,         0.99000,         1.02000
1970-03,         1.02000,         0.98000,         1.00000,         0.97000
1970-04,         1.28000,         1.73000,         1.70000,         0.93000
1970-05,         1.00000,         1.01000,         1.03000,         1.04000
1970-06,         1.02000,         0.99000,         1.01000,         1.01000
1970-07,         1.58000,         1.80000,         1.41000,         0.97000
1970-08,         0.98000,         0.98000,         0.98000,         1.02000
1970-09,         1.01000,         0.99000,         0.94000,         1.08000
1970-10,         1.77000,         1.77000,         1.01000,         0.96000
1970-11,         0.98000,         0.98000,         1.02000,         1.01000
1970-12,         1.00000,         1.05000,         0.95000,         1.06000
1971-01,         1.05000,         1.74000,         1.87000,         1.31000
1971-02,         0.97000,         0.96000,         1.02000,         1.00000
1971-03,         0.99000,         1.00000,         0.93000,         0.99000
1971-04,         1.42000,         1.87000,         1.92000,         0.98000
1971-05,         0.94000,         1.00000,         1.00000,         0.99000
1971-06,         1.03000,         0.98000,         0.99000,         0.95000
1971-07,         1.33000,         1.93000,         1.87000,         0.93000
1971-08,         0.95000,         0.99000,         0.99000,         1.02000
1971-09,         1.03000,         1.02000,         1.09000,         0.95000
1971-10,         1.69000,         1.97000,         1.61000,         0.96000
1971-11,         0.96000,         1.02000,         1.02000,         1.05000
1971-12,         0.99000,         1.03000,         1.04000,         1.03000
1972-01,         1.00000,         2.51000,         2.47000,         1.60000
1972-02,         0.99000,         1.00000,         1.03000,         1.06000
1972-03,         1.03000,         1.01000,         1.03000,         1.01000
1972-04,         0.95000,         3.01000,         2.36000,         1.17000
1972-05,         1.01000,         0.98000,         1.02000,         1.03000
1972-06,         1.02000,         0.98000,         1.05000,         1.01000
1972-07,         1.14000,         2.31000,         2.20000,         0.99000
1972-08,         1.00000,         1.04000,         1.03000,         1.05000
1972-09,         1.02000,         0.98000,         1.01000,         1.18000
1972-10,         1.50000,         2.47000,         1.98000,         0.97000
1972-11,         1.01000,         1.02000,         1.03000,         1.03000
1972-12,         1.01000,         1.01000,         0.91000,         1.24000
1973-01,         1.02000,         2.07000,         1.70000,         1.04000
1973-02,         0.96000,         0.94000,         0.96000,         1.01000
1973-03,         0.99000,         0.99000,         0.92000,         0.96000
1973-04,         1.74000,         1.68000,         1.13000,         0.99000
1973-05,         0.94000,         0.95000,         0.96000,         1.00000
1973-06,         1.00000,         0.99000,         0.93000,         0.99000
1973-07,         1.34000,         1.81000,         1.01000,         0.96000
1973-08,         0.93000,         0.99000,         1.00000,         1.03000
1973-09,         1.02000,         0.97000,         1.00000,         1.07000
1973-10,         1.38000,         1.70000,         1.01000,         0.98000
1973-11,         0.96000,         1.05000,         0.99000,         1.01000
1973-12,         1.00000,         1.06000,         0.99000,         1.00000
1974-01,         0.96000,         2.01000,         1.17000,         0.96000
1974-02,         0.97000,         0.98000,         1.01000,         1.00000
1974-03,         1.04000,         1.00000,         1.02000,         1.05000
1974-04,         1.84000,         1.97000,         1.01000,         0.98000
1974-05,         0.98000,         0.96000,         1.01000,         1.04000
1974-06,         1.01000,         1.01000,         1.00000,         0.95000
1974-07,         2.15000,         1.66000,         0.96000,         0.97000
1974-08,         1.01000,         1.01000,         1.00000,         1.04000
1974-09,         1.01000,         0.98000,         0.98000,         1.00000
1974-10,         1.79000,         1.55000,         0.98000,         0.96000
1974-11,         0.99000,         0.97000,         1.03000,         1.02000
1974-12,         0.99000,         1.00000,         0.98000,         0.95000
1975-01,         1.01000,         1.58000,         1.24000,         1.00000
1975-02,         1.03000,         0.98000,         1.05000,         1.07000
1975-03,         1.04000,         0.98000,         0.98000,         0.94000
1975-04,         0.95000,         1.66000,         1.26000,         0.96000
1975-05,         0.97000,         0.99000,         1.04000,         1.04000
1975-06,         1.01000,         1.05000,         0.94000,         1.02000
1975-07,         1.06000,         1.66000,         1.13000,         0.91000
1975-08,         0.95000,         0.99000,         1.03000,         1.04000
1975-09,         1.03000,         1.04000,         0.99000,         1.11000
1975-10,         1.24000,         1.41000,         0.97000,         0.99000
1975-11,         0.97000,         1.06000,         1.01000,         1.06000
1975-12,         1.05000,         1.00000,         1.04000,         1.05000
1976-01,         0.99000,         2.17000,         1.84000,         1.02000
1976-02,         0.93000,         0.98000,         1.02000,         1.02000
1976-03,         1.01000,         1.03000,         0.96000,         1.00000
1976-04,         1.62000,         2.02000,         1.55000,         0.97000
1976-05,         0.94000,         0.96000,         0.99000,         1.02000
1976-06,         1.01000,         1.01000,         0.95000,         0.98000
1976-07,         2.13000,         1.89000,         1.53000,         0.97000
1976-08,         0.98000,         1.00000,         0.97000,         1.02000
1976-09,         1.05000,         0.96000,         0.93000,         1.14000
1976-10,         2.31000,         1.57000,         1.00000,         1.03000
1976-11,         0.95000,         1.04000,         1.01000,         1.02000
1976-12,         0.98000,         0.97000,         0.94000,         1.79000
1977-01,         2.30000,         2.92000,         2.16000,         0.94000
1977-02,         0.97000,         0.97000,         1.01000,         1.05000
1977-03,         1.05000,         1.02000,         1.03000,         0.97000
1977-04,         2.83000,         2.74000,         1.57000,         0.97000
1977-05,         1.02000,         1.01000,         1.05000,         1.05000
1977-06,         1.02000,         1.00000,         0.96000,         1.12000
1977-07,         2.81000,         2.46000,         1.04000,         1.00000
1977-08,         0.96000,         0.99000,         1.03000,         1.03000
1977-09,         1.08000,         0.99000,         0.95000,         1.14000
1977-10,         2.63000,         2.42000,         0.97000,         1.00000
1977-11,         1.00000,         1.01000,         1.02000,         1.03000
1977-12,         1.04000,         1.00000,         0.97000,         0.98000
1978-01,         1.36000,         2.58000,         1.97000,         1.01000
1978-02,         0.97000,         0.95000,         1.00000,         1.02000
1978-03,         1.01000,         0.99000,         0.94000,         0.94000
1978-04,         2.39000,         2.52000,         1.97000,         0.91000
1978-05,         0.97000,         0.96000,         1.00000,         1.01000
1978-06,         1.03000,         0.95000,         0.95000,         0.93000
1978-07,         2.95000,         2.32000,         1.82000,         0.97000
1978-08,         0.96000,         0.95000,         1.03000,         1.01000
1978-09,         1.04000,         0.95000,         0.95000,         0.91000
1978-10,         2.78000,         2.13000,         1.33000,         0.97000
1978-11,         0.96000,         1.01000,         1.03000,         1.04000
1978-12,         0.99000,         0.93000,         0.98000,         0.99000
1979-01,         1.07000,         2.09000,         1.93000,         0.94000
1979-02,         0.99000,         0.97000,         1.02000,         1.04000
1979-03,         1.04000,         1.01000,         0.99000,         0.90000
1979-04,         1.93000,         2.23000,         1.39000,         1.01000
1979-05,         0.98000,         0.96000,         1.03000,         1.06000
1979-06,         1.03000,         1.01000,         1.00000,         0.96000
1979-07,         2.59000,         2.29000,         1.19000,         0.98000
1979-08,         0.97000,         1.01000,         1.05000,         1.05000
1979-09,         0.98000,         1.00000,         0.97000,         0.98000
1979-10,         2.40000,         2.13000,         0.92000,         0.98000
1979-11,         1.04000,         0.97000,         1.05000,         1.03000
1979-12,         1.01000,         0.98000,         0.93000,         0.97000
1980-01,         0.99000,         1.58000,         1.49000,         0.99000
1980-02,         0.96000,         0.98000,         1.01000,         1.05000
1980-03,         1.05000,         1.02000,         0.93000,         0.97000
1980-04,         0.95000,         1.83000,         1.40000,         0.95000
1980-05,         0.93000,         0.94000,         1.01000,         1.06000
1980-06,         1.04000,         1.00000,         0.96000,         0.98000
1980-07,         1.03000,         1.32000,         1.25000,         0.98000
1980-08,         0.97000,         1.00000,         1.02000,         1.07000
1980-09,         1.03000,         1.00000,         0.97000,         1.05000
1980-10,         1.24000,         1.34000,         1.05000,         1.03000
1980-11,         1.00000,         1.01000,         1.03000,         1.05000
1980-12,         1.02000,         0.96000,         0.98000,         1.26000
1981-01,         1.64000,         1.51000,         0.97000,         0.92000
1981-02,         1.00000,         0.99000,         1.08000,         1.09000
1981-03,         1.09000,         0.99000,         0.95000,         0.96000
1981-04,         1.68000,         1.55000,         0.95000,         0.96000
1981-05,         0.97000,         1.02000,         1.04000,         1.07000
1981-06,         1.02000,         1.00000,         0.97000,         0.98000
1981-07,         1.75000,         1.46000,         0.98000,         0.96000
1981-08,         0.99000,         1.04000,         1.08000,         1.06000
1981-09,         1.03000,         0.96000,         0.99000,         0.96000
1981-10,         1.60000,         1.06000,         0.96000,         0.97000
1981-11,         1.01000,         1.00000,         1.12000,         1.07000
1981-12,         1.00000,         0.99000,         0.94000,         0.96000
1982-01,         1.05000,         2.12000,         1.73000,         0.95000
1982-02,         0.97000,         1.04000,         0.99000,         1.08000
1982-03,         1.02000,         1.04000,         0.94000,         0.96000
1982-04,         1.56000,         2.05000,         1.74000,         0.95000
1982-05,         1.01000,         1.00000,         1.02000,         1.06000
1982-06,         1.02000,         1.07000,         0.95000,         1.00000
1982-07,         2.10000,         1.96000,         1.64000,         0.97000
1982-08,         1.00000,         1.00000,         1.06000,         1.04000
1982-09,         1.07000,         0.95000,         1.00000,         1.06000
1982-10,         1.95000,         1.81000,         1.17000,         0.95000
1982-11,         1.01000,         1.03000,         1.08000,         1.03000
1982-12,         1.07000,         1.01000,         0.96000,         0.96000
1983-01,         1.00000,         1.07000,         1.05000,         1.04000
1983-02,         0.98000,         0.97000,         1.05000,         1.08000
1983-03,         1.04000,         1.03000,         1.05000,         0.97000
1983-04,         1.09000,         1.48000,         1.05000,         1.03000
1983-05,         1.02000,         1.00000,         1.05000,         1.13000
1983-06,         1.04000,         1.01000,         1.04000,         1.04000
1983-07,         1.12000,         1.17000,         1.03000,         1.00000
1983-08,         0.99000,         1.03000,         1.08000,         1.08000
1983-09,         1.04000,         1.05000,         1.02000,         1.03000
1983-10,         1.04000,         1.02000,         1.02000,         1.00000
1983-11,         0.98000,         1.02000,         1.08000,         1.09000
1983-12,         1.03000,         1.01000,         0.98000,         1.23000
1984-01,         1.85000,         1.91000,         1.43000,         1.01000
1984-02,         0.97000,         0.98000,         1.02000,         1.04000
1984-03,         1.05000,         1.01000,         0.99000,         0.96000
1984-04,         2.21000,         1.75000,         1.46000,         1.05000
1984-05,         0.94000,         0.98000,         1.02000,         1.08000
1984-06,         1.03000,         1.02000,         1.01000,         1.02000
1984-07,         2.30000,         1.42000,         1.56000,         1.07000
1984-08,         0.99000,         1.00000,         1.02000,         1.06000
1984-09,         1.01000,         1.04000,         0.93000,         0.96000
1984-10,         2.12000,         1.08000,         1.15000,         1.03000
1984-11,         1.01000,         1.05000,         1.04000,         1.04000
1984-12,         1.02000,         1.01000,         0.97000,         0.99000
1985-01,         1.15000,         1.73000,         1.71000,         0.98000
1985-02,         1.04000,         0.97000,         1.03000,         1.08000
1985-03,         1.05000,         0.99000,         1.07000,         0.99000
1985-04,         1.24000,         2.03000,         1.37000,         1.00000
1985-05,         0.98000,         0.97000,         1.03000,         1.07000
1985-06,         1.06000,         0.99000,         1.04000,         1.03000
1985-07,         1.51000,         1.87000,         1.02000,         1.02000
1985-08,         0.98000,         0.98000,         1.03000,         1.05000
1985-09,         1.02000,         1.00000,         0.99000,         1.06000
1985-10,         1.57000,         1.66000,         1.03000,         1.04000
1985-11,         1.00000,         1.02000,         1.05000,         1.08000
1985-12,         1.01000,         0.98000,         1.05000,         1.04000
1986-01,         1.78000,         1.86000,         1.77000,         1.03000
1986-02,         0.90000,         0.97000,         1.03000,         1.03000
1986-03,         0.96000,         1.01000,         0.91000,         0.88000
1986-04,         2.30000,         2.01000,         1.87000,         0.94000
1986-05,         0.95000,         0.98000,         1.00000,         1.01000
1986-06,         0.95000,         0.96000,         0.86000,         0.98000
1986-07,         1.87000,         1.90000,         1.58000,         0.97000
1986-08,         0.98000,         0.98000,         0.97000,         1.02000
1986-09,         1.03000,         0.95000,         0.93000,         0.95000
1986-10,         1.63000,         1.85000,         1.04000,         0.95000
1986-11,         0.96000,         1.06000,         1.00000,         0.98000
1986-12,         0.97000,         0.92000,         0.88000,         0.93000
1987-01,         0.97000,         1.13000,         1.06000,         1.10000
1987-02,         0.93000,         0.94000,         1.03000,         1.08000
1987-03,         1.02000,         0.99000,         1.00000,         0.95000
1987-04,         0.95000,         1.37000,         1.00000,         0.99000
1987-05,         0.90000,         0.93000,         1.02000,         1.09000
1987-06,         1.03000,         0.99000,         1.05000,         0.95000
1987-07,         1.19000,         1.72000,         0.99000,         0.97000
1987-08,         0.98000,         1.01000,         1.03000,         1.04000
1987-09,         1.08000,         0.99000,         0.98000,         0.97000
1987-10,         1.27000,         1.31000,         1.00000,         0.93000
1987-11,         0.95000,         0.96000,         1.04000,         1.05000
1987-12,         0.99000,         0.98000,         1.15000,         1.00000
1988-01,         0.95000,         1.36000,         1.39000,         0.98000
1988-02,         1.03000,         1.00000,         1.04000,         1.05000
1988-03,         1.03000,         1.05000,         0.96000,         0.88000
1988-04,         1.18000,         1.81000,         1.18000,         0.99000
1988-05,         0.00000,         0.97000,         1.03000,         1.02000
1988-06,         1.00000,         0.95000,         0.92000,         0.98000
1988-07,         1.31000,         1.77000,         0.97000,         0.93000
1988-08,         1.07000,         1.00000,         1.09000,         1.06000
1988-09,         1.02000,         1.02000,         0.94000,         0.98000
1988-10,         1.30000,         1.60000,         0.97000,         1.00000
1988-11,         0.98000,         1.02000,         1.05000,         1.06000
1988-12,         1.01000,         0.93000,         0.95000,         0.96000
1989-01,         1.15000,         1.43000,         1.47000,         1.04000
1989-02,         0.98000,         0.98000,         1.03000,         1.03000
1989-03,         1.03000,         0.95000,         0.97000,         0.99000
1989-04,         1.38000,         1.62000,         1.51000,         0.98000
1989-05,         0.97000,         0.99000,         1.03000,         1.04000
1989-06,         1.03000,         0.98000,         0.95000,         1.06000
1989-07,         1.37000,         1.51000,         1.17000,         0.98000
1989-08,         0.98000,         1.00000,         1.07000,         1.04000
1989-09,         1.03000,         1.07000,         0.89000,         1.32000
1989-10,         1.32000,         1.46000,         1.03000,         0.99000
1989-11,         0.99000,         1.02000,         1.03000,         1.05000
1989-12,         0.97000,         0.96000,         0.96000,         1.64000
1990-01,         1.66000,         1.75000,         1.40000,         0.99000
1990-02,         0.96000,         0.94000,         1.02000,         1.04000
1990-03,         1.05000,         0.97000,         1.00000,         0.95000
1990-04,         1.53000,         1.43000,         1.18000,         0.95000
1990-05,         0.94000,         0.98000,         1.04000,         1.04000
1990-06,         1.03000,         1.07000,         0.95000,         0.95000
1990-07,         1.56000,         1.50000,         0.94000,         0.91000
1990-08,         1.00000,         1.00000,         1.01000,         1.06000
1990-09,         1.02000,         0.97000,         1.00000,         1.05000
1990-10,         1.59000,         1.48000,         0.95000,         0.98000
1990-11,         0.99000,         1.02000,         1.05000,         1.03000
1990-12,         0.99000,         0.99000,         0.93000,         0.97000
1991-01,         1.00000,         1.50000,         1.12000,         1.02000
1991-02,         0.94000,         1.03000,         1.07000,         1.04000
1991-03,         1.06000,         0.97000,         1.01000,         1.05000
1991-04,         1.52000,         1.21000,         1.00000,         0.98000
1991-05,         0.92000,         1.02000,         1.06000,         1.06000
1991-06,         1.07000,         0.99000,         1.07000,         0.96000
1991-07,         1.53000,         1.38000,         0.95000,         0.98000
1991-08,         1.00000,         1.04000,         1.04000,         1.06000
1991-09,         1.02000,         0.98000,         1.00000,         0.99000
1991-10,         1.61000,         1.25000,         0.92000,         0.99000
1991-11,         1.03000,         1.00000,         1.06000,         1.05000
1991-12,         1.01000,         1.05000,         0.95000,         1.02000
1992-01,         1.03000,         1.42000,         1.47000,         0.97000
1992-02,         1.00000,         1.02000,         1.03000,         1.04000
1992-03,         1.02000,         0.99000,         1.01000,         0.93000
1992-04,         1.05000,         1.51000,         1.42000,         1.00000
1992-05,         1.00000,         0.98000,         1.04000,         1.06000
1992-06,         1.01000,         1.00000,         0.95000,         1.09000
1992-07,         1.18000,         1.53000,         1.43000,         1.03000
1992-08,         0.97000,         1.00000,         1.07000,         1.02000
1992-09,         0.99000,         0.99000,         1.01000,         0.94000
1992-10,         1.49000,         1.41000,         1.12000,         1.05000
1992-11,         1.02000,         1.03000,         1.03000,         1.03000
1992-12,         1.04000,         1.00000,         0.98000,         0.95000
1993-01,         1.07000,         1.79000,         2.24000,         1.11000
1993-02,         0.91000,         0.87000,         0.99000,         0.97000
1993-03,         1.06000,         0.98000,         1.00000,         1.00000
1993-04,         1.65000,         2.31000,         2.24000,         0.98000
1993-05,         0.90000,         0.90000,         1.05000,         1.02000
1993-06,         1.01000,         1.01000,         0.98000,         1.03000
1993-07,         1.87000,         2.23000,         2.29000,         0.98000
1993-08,         0.88000,         0.92000,         1.03000,         1.06000
1993-09,         1.06000,         0.96000,         0.96000,         1.03000
1993-10,         1.38000,         2.43000,         1.76000,         0.99000
1993-11,         0.86000,         1.00000,         1.02000,         1.06000
1993-12,         1.02000,         0.99000,         1.04000,         1.10000
1994-01,         1.62000,         2.08000,         1.88000,         1.00000
1994-02,         0.98000,         0.98000,         1.05000,         1.10000
1994-03,         1.08000,         1.03000,         1.00000,         0.98000
1994-04,         2.43000,         2.01000,         1.80000,         0.95000
1994-05,         0.96000,         1.00000,         1.05000,         1.07000
1994-06,         1.05000,         1.03000,         0.99000,         1.03000
1994-07,         2.13000,         1.93000,         1.73000,         0.94000
1994-08,         1.00000,         1.01000,         1.07000,         1.08000
1994-09,         1.04000,         1.05000,         0.96000,         1.00000
1994-10,         2.34000,         1.85000,         1.31000,         0.98000
1994-11,         0.98000,         0.91000,         1.06000,         1.05000
1994-12,         1.09000,         0.98000,         0.96000,         1.01000
1995-01,         0.92000,         1.13000,         1.37000,         0.97000
1995-02,         1.05000,         1.05000,         1.10000,         1.18000
1995-03,         1.11000,         1.11000,         0.99000,         0.98000
1995-04,         1.25000,         1.65000,         1.23000,         1.00000
1995-05,         1.05000,         1.12000,         1.11000,         1.14000
1995-06,         1.08000,         1.03000,         1.01000,         1.07000
1995-07,         1.11000,         1.40000,         0.97000,         0.98000
1995-08,         1.01000,         1.12000,         1.14000,         1.13000
1995-09,         1.07000,         0.99000,         1.01000,         1.05000
1995-10,         1.03000,         1.23000,         0.97000,         1.01000
1995-11,         1.04000,         1.07000,         1.13000,         1.12000
1995-12,         1.07000,         0.99000,         1.03000,         0.98000
1996-01,         1.23000,         1.78000,         1.60000,         1.02000
1996-02,         0.98000,         0.98000,         1.03000,         1.05000
1996-03,         1.04000,         1.00000,         0.98000,         0.96000
1996-04,         1.56000,         1.83000,         1.49000,         0.98000
1996-05,         0.97000,         0.99000,         1.03000,         1.04000
1996-06,         1.03000,         1.00000,         0.98000,         0.99000
1996-07,         1.68000,         1.74000,         1.33000,         0.98000
1996-08,         0.98000,         1.00000,         1.04000,         1.05000
1996-09,         1.03000,         0.99000,         0.97000,         1.02000
1996-10,         1.67000,         1.66000,         1.13000,         0.99000
1996-11,         0.99000,         1.02000,         1.04000,         1.04000
1996-12,         1.02000,         0.99000,         0.97000,         1.06000
1997-01,         1.23000,         1.78000,         1.60000,         1.02000
1997-02,         0.98000,         0.98000,         1.03000,         1.05000
1997-03,         1.04000,         1.00000,         0.98000,         0.96000
1997-04,         1.56000,         1.83000,         1.49000,         0.98000
1997-05,         0.97000,         0.99000,         1.03000,         1.04000
1997-06,         1.03000,         1.00000,         0.98000,         0.99000
1997-07,         1.68000,         1.74000,         1.33000,         0.98000
1997-08,         0.98000,         1.00000,         1.04000,         1.05000
1997-09,         1.03000,         0.99000,         0.97000,         1.02000
1997-10,         1.67000,         1.66000,         1.13000,         0.99000
1997-11,         0.99000,         1.02000,         1.04000,         1.04000
1997-12,         1.02000,         0.99000,         0.97000,         1.06000
1998-01,         1.23000,         1.78000,         1.60000,         1.02000
1998-02,         0.98000,         0.98000,         1.03000,         1.05000
1998-03,         1.04000,         1.00000,         0.98000,         0.96000
1998-04,         1.56000,         1.83000,         1.49000,         0.98000
1998-05,         0.97000,         0.99000,         1.03000,         1.04000
1998-06,         1.03000,         1.00000,         0.98000,         0.99000
1998-07,         1.68000,         1.74000,         1.33000,         0.98000
1998-08,         0.98000,         1.00000,         1.04000,         1.05000
1998-09,         1.03000,         0.99000,         0.97000,         1.02000
1998-10,         1.67000,         1.66000,         1.13000,         0.99000
1998-11,         0.99000,         1.02000,         1.04000,         1.04000
1998-12,         1.02000,         0.99000,         0.97000,         1.06000
1999-01,         1.23000,         1.78000,         1.60000,         1.02000
1999-02,         0.98000,         0.98000,         1.03000,         1.05000
1999-03,         1.04000,         1.00000,         0.98000,         0.96000
1999-04,         1.56000,         1.83000,         1.49000,         0.98000
1999-05,         0.97000,         0.99000,         1.03000,         1.04000
1999-06,         1.03000,         1.00000,         0.98000,         0.99000
1999-07,         1.68000,         1.74000,         1.33000,         0.98000
1999-08,         0.98000,         1.00000,         1.04000,         1.05000
1999-09,         1.03000,         0.99000,         0.97000,         1.02000
1999-10,         1.67000,         1.66000,         1.13000,         0.99000
1999-11,         0.99000,         1.02000,         1.04000,         1.04000
1999-12,         1.02000,         0.99000,         0.97000,         1.06000
2000-01,         1.23000,         1.78000,         1.60000,         1.02000
2000-02,         0.98000,         0.98000,         1.03000,         1.05000
2000-03,         1.04000,         1.00000,         0.98000,         0.96000
2000-04,         1.56000,         1.83000,         1.49000,         0.98000
2000-05,         0.97000,         0.99000,         1.03000,         1.04000
2000-06,         1.03000,         1.00000,         0.98000,         0.99000
2000-07,         1.68000,         1.74000,         1.33000,         0.98000
2000-08,         0.98000,         1.00000,         1.04000,         1.05000
2000-09,         1.03000,         0.99000,         0.97000,         1.02000
2000-10,         1.67000,         1.66000,         1.13000,         0.99000
2000-11,         0.99000,         1.02000,         1.04000,         1.04000
2000-12,         1.02000,         0.99000,         0.97000,         1.06000
2001-01,         1.23000,         1.78000,         1.60000,         1.02000
2001-02,         0.98000,         0.98000,         1.03000,         1.05000
2001-03,         1.04000,         1.00000,         0.98000,         0.96000
2001-04,         1.56000,         1.83000,         1.49000,         0.98000
2001-05,         0.97000,         0.99000,         1.03000,         1.04000
2001-06,         1.03000,         1.00000,         0.98000,         0.99000
2001-07,         1.68000,         1.74000,         1.33000,         0.98000
2001-08,         0.98000,         1.00000,         1.04000,         1.05000
2001-09,         1.03000,         0.99000,         0.97000,         1.02000
2001-10,         1.67000,         1.66000,         1.13000,         0.99000
2001-11,         0.99000,         1.02000,         1.04000,         1.04000
2001-12,         1.02000,         0.99000,         0.97000,         1.06000
