TYPE:NBS	
UNITS:m3s	
INTERVAL:month	
LOCATION:mic
#YYYY
1999,	  -999.9,  -999.9,    17.0,   -54.0,   -28.0,   -70.0,    93.0,    46.0,    12.0,   -14.0,    57.0,    58.0
2000,	   -58.0,    25.0,   -51.0,    38.0,   -79.0,    50.0,   -76.0,    71.0,   -87.0,   -22.0,    19.0,    59.0
2001,	   -71.0,     0.0,   -94.0,   -83.0,    17.0,    35.0,    95.0,    37.0,   -97.0,   -91.0,    20.0,   -55.0
2002,	    89.0,   -11.0,   -96.0,   -36.0,   -26.0,   -17.0,    95.0,   -80.0,    28.0,    94.0,   -18.0,  -999.9
	
