1900 01 2 527 770 401 892 284 353 807
1900 02 1 267 540 376 761 513 668 531
1900 02 2 438 932 931 721 285 739 639
1900 02 3 688 166 441 881 830 331 228
1900 02 4 351 687 957 589 658 859 439
1900 03 2 148 882 642 432 620 282 786
1900 04 2 126 794 165 746 75 951 52
1900 04 4 94 135 521 79 70 205 461
1900 05 2 998 55 871 73 5 924 593
1900 06 2 980 744 904 984 667 498 163
1900 06 4 329 232 75 634 224 652 510
1900 07 2 337 848 435 4 345 599 833
1900 08 2 533 88 261 878 687 94 111
1900 09 2 862 204 794 549 298 905 909
1900 09 4 496 292 181 685 728 140 603
1900 10 2 325 932 909 623 837 819 496
1900 11 2 558 427 830 395 245 327 729
1900 11 4 294 115 866 722 50 450 986
1900 12 2 810 132 52 54 458 781 692
1901 01 2 358 879 345 815 660 37 257
1901 02 1 533 155 556 15 381 383 305
1901 02 2 261 650 553 920 686 810 697
1901 02 3 646 7 533 844 619 643 518
1901 02 4 363 719 802 678 153 33 63
1901 03 2 656 858 182 342 668 880 653
1901 04 2 658 996 936 325 875 590 637
1901 04 4 874 665 413 612 597 646 538
1901 05 2 511 49 815 385 638 453 143
1901 06 2 900 768 334 537 220 478 949
1901 06 4 762 964 332 403 561 555 622
1901 07 2 374 200 647 593 677 597 58
1901 08 2 947 123 866 624 719 925 184
1901 09 2 35 432 814 754 357 998 35
1901 09 4 767 804 699 682 905 313 752
1901 10 2 590 59 890 946 57 926 469
1901 11 2 704 333 215 760 259 684 16
1901 11 4 74 515 890 612 532 822 958
1901 12 2 821 508 468 79 191 484 923
1902 01 2 747 278 174 938 761 97 981
1902 02 1 669 529 313 944 769 123 38
1902 02 2 400 212 453 161 309 434 5
1902 02 3 127 462 85 781 786 685 910
1902 02 4 63 48 528 178 928 110 387
1902 03 2 790 375 382 98 808 388 747
1902 04 2 480 271 200 288 658 948 221
1902 04 4 674 630 833 813 774 29 590
1902 05 2 444 379 648 101 326 870 607
1902 06 2 859 134 294 185 3 901 288
1902 06 4 208 995 537 668 466 829 892
1902 07 2 458 641 718 461 542 6 268
1902 08 2 427 104 601 968 110 870 159
1902 09 2 564 203 804 673 72 963 475
1902 09 4 929 90 821 969 509 5 188
1902 10 2 553 676 958 625 638 433 8
1902 11 2 223 113 453 861 546 462 856
1902 11 4 368 616 518 379 502 695 17
1902 12 2 789 177 326 335 638 183 243
1903 01 2 641 267 215 279 449 459 302
1903 02 1 951 324 577 44 788 518 924
1903 02 2 785 139 706 233 598 8 819
1903 02 3 523 791 127 168 776 926 556
1903 02 4 248 194 32 113 728 616 211
1903 03 2 785 860 323 382 868 142 854
1903 04 2 328 986 247 195 128 102 584
1903 04 4 801 412 600 449 891 313 35
1903 05 2 380 939 341 508 41 926 568
1903 06 2 7 44 729 47 970 297 169
1903 06 4 737 3 765 538 394 482 84
1903 07 2 440 718 580 409 15 749 445
1903 08 2 425 513 498 439 262 944 86
1903 09 2 60 31 433 322 974 520 613
1903 09 4 51 21 480 391 559 624 603
1903 10 2 357 481 143 330 1000 757 51
1903 11 2 794 691 277 793 447 328 785
1903 11 4 742 506 501 468 252 971 678
1903 12 2 179 49 846 626 377 631 302
1904 01 2 463 944 461 840 575 763 122
1904 02 1 436 968 580 92 382 679 926
1904 02 2 623 388 684 197 150 807 680
1904 02 3 822 893 269 91 215 4 119
1904 03 2 268 863 257 418 669 937 648
1904 04 2 159 165 671 828 102 319 316
1904 04 4 14 448 743 847 98 893 630
1904 05 2 429 905 31 530 223 348 460
1904 06 2 49 121 218 272 468 679 728
1904 06 4 885 795 96 816 887 736 742
1904 07 2 824 896 117 292 574 846 2
1904 08 2 200 256 577 774 101 580 460
1904 09 2 944 773 94 45 352 555 330
1904 09 4 757 694 402 519 385 591 776
1904 10 2 713 942 4 65 496 334 549
1904 11 2 831 762 449 326 95 999 238
1904 11 4 62 813 175 171 269 163 684
1904 12 2 369 401 771 464 399 10 621
1905 01 2 596 65 489 994 75 111 958
1905 02 1 239 451 815 896 646 109 920
1905 02 2 174 410 235 248 520 193 500
1905 02 3 87 181 427 48 307 828 887
1905 02 4 52 878 582 784 66 788 749
1905 03 2 529 359 95 49 552 595 726
1905 04 2 110 745 717 661 339 443 298
1905 04 4 50 424 522 555 990 342 297
1905 05 2 317 883 445 656 326 744 770
1905 06 2 63 29 103 388 772 873 307
1905 06 4 881 396 947 34 599 581 546
1905 07 2 139 817 187 911 690 495 408
1905 08 2 98 3 567 788 497 976 316
1905 09 2 568 894 402 64 869 719 857
1905 09 4 759 425 63 216 170 733 949
1905 10 2 211 504 896 80 223 753 112
1905 11 2 637 206 860 860 959 973 787
1905 11 4 277 45 629 853 559 890 397
1905 12 2 766 351 60 724 323 848 288
1906 01 2 237 154 150 560 1 438 423
1906 02 1 453 54 33 114 940 127 538
1906 02 2 281 688 735 281 126 159 699
1906 02 3 579 456 258 477 237 662 896
1906 02 4 570 397 646 378 748 306 516
1906 03 2 541 209 237 666 367 937 170
1906 04 2 587 970 36 954 907 206 898
1906 04 4 167 420 815 416 973 478 22
1906 05 2 555 691 846 461 897 745 758
1906 06 2 434 483 554 330 227 312 859
1906 06 4 925 468 836 274 980 938 78
1906 07 2 283 76 673 509 388 533 800
1906 08 2 895 218 887 282 750 687 664
1906 09 2 525 447 165 275 134 829 669
1906 09 4 196 604 489 467 396 362 28
1906 10 2 671 568 899 805 396 568 420
1906 11 2 835 521 961 231 89 382 405
1906 11 4 9 854 524 822 961 120 165
1906 12 2 1000 984 362 88 365 767 203
1907 01 2 339 172 152 704 939 355 816
1907 02 1 236 614 475 299 970 285 361
1907 02 2 456 513 11 394 868 828 675
1907 02 3 922 992 529 70 752 402 125
1907 02 4 462 49 292 874 700 572 668
1907 03 2 108 473 277 975 300 952 994
1907 04 2 310 654 10 610 606 4 831
1907 04 4 882 94 170 918 21 269 138
1907 05 2 616 572 272 222 575 103 770
1907 06 2 469 169 975 44 271 746 144
1907 06 4 971 738 66 179 108 656 986
1907 07 2 293 695 732 563 441 877 59
1907 08 2 157 451 942 597 327 1 797
1907 09 2 988 579 739 315 579 536 214
1907 09 4 59 14 623 40 222 404 829
1907 10 2 864 790 488 443 325 703 342
1907 11 2 340 903 278 665 605 620 714
1907 11 4 1000 129 54 664 535 90 252
1907 12 2 147 858 308 752 478 22 829
1908 01 2 102 591 803 580 613 633 591
1908 02 1 629 586 805 534 829 88 584
1908 02 2 679 387 511 291 19 103 504
1908 02 3 720 310 817 913 116 723 811
1908 03 2 53 757 813 71 859 317 652
1908 04 2 405 824 593 264 140 246 841
1908 04 4 925 1000 61 524 891 783 609
1908 05 2 860 171 328 1000 417 169 765
1908 06 2 259 618 446 675 787 211 806
1908 06 4 531 360 27 398 917 551 851
1908 07 2 619 576 381 406 787 187 692
1908 08 2 83 237 167 869 424 860 141
1908 09 2 410 688 597 834 547 738 288
1908 09 4 812 348 718 276 823 481 442
1908 10 2 405 590 177 951 328 465 472
1908 11 2 652 964 852 980 429 324 443
1908 11 4 641 415 554 825 166 136 627
1908 12 2 872 162 390 300 486 834 909
1909 01 2 932 149 977 417 982 887 755
1909 02 1 397 44 82 202 813 841 878
1909 02 2 989 856 161 971 742 917 898
1909 02 3 86 861 38 776 267 26 398
1909 02 4 279 123 207 424 622 791 157
1909 03 2 955 553 40 696 470 939 184
1909 04 2 159 538 462 628 477 647 182
1909 04 4 20 595 565 753 704 56 319
1909 05 2 516 807 926 992 454 108 267
1909 06 2 72 675 397 525 783 665 846
1909 06 4 730 121 422 302 898 853 641
1909 07 2 84 455 422 867 119 269 268
1909 08 2 163 120 257 282 388 526 673
1909 09 2 67 290 244 455 815 917 395
1909 09 4 1000 343 725 469 781 164 914
1909 10 2 80 258 631 895 174 27 765
1909 11 2 109 848 993 283 874 758 395
1909 11 4 527 821 645 58 589 116 842
1909 12 2 624 451 923 497 208 319 652
1910 01 2 179 525 338 387 843 990 789
1910 02 1 177 168 389 394 896 992 233
1910 02 2 516 571 460 359 561 249 3
1910 02 3 23 165 199 748 134 534 243
1910 02 4 778 100 542 773 836 439 198
1910 03 2 210 35 454 770 284 457 485
1910 04 2 3 682 265 286 139 751 591
1910 04 4 674 417 567 962 383 809 854
1910 05 2 980 502 505 119 253 97 878
1910 06 2 329 899 191 581 995 69 268
1910 06 4 15 426 792 406 135 517 252
1910 07 2 559 666 579 553 735 847 287
1910 08 2 221 896 140 955 743 428 151
1910 09 2 965 588 4 707 15 155 904
1910 09 4 800 383 143 580 849 339 10
1910 10 2 581 493 500 595 648 405 739
1910 11 2 162 252 139 810 657 879 640
1910 11 4 680 145 286 808 513 712 547
1910 12 2 606 329 369 262 208 10 478
1911 01 2 176 700 154 383 709 633 619
1911 02 1 30 596 148 317 443 479 207
1911 02 2 179 361 1 887 994 621 739
1911 02 3 487 385 314 384 363 572 458
1911 02 4 928 223 886 931 320 825 306
1911 03 2 234 482 997 227 103 737 574
1911 04 2 397 115 321 499 851 895 86
1911 04 4 224 946 116 375 569 438 946
1911 05 2 885 699 190 736 594 276 706
1911 06 2 306 157 450 900 433 157 275
1911 06 4 643 309 92 164 910 497 108
1911 07 2 292 548 151 724 704 426 490
1911 08 2 962 241 474 666 667 965 686
1911 09 2 31 919 775 697 883 462 681
1911 09 4 1 909 951 971 818 369 832
1911 10 2 108 134 51 991 595 733 919
1911 11 2 839 183 778 433 916 697 570
1911 11 4 287 560 915 283 483 659 380
1911 12 2 32 393 704 947 89 274 718
1912 01 2 776 446 663 865 720 381 184
1912 02 1 829 229 848 512 613 590 227
1912 02 2 36 890 253 755 271 438 127
1912 02 3 293 500 799 287 92 892 979
1912 03 2 304 279 856 574 716 983 927
1912 04 2 494 913 124 210 896 51 217
1912 04 4 75 714 884 602 130 530 152
1912 05 2 948 281 260 844 331 478 221
1912 06 2 505 559 96 835 36 318 941
1912 06 4 49 801 279 146 149 569 603
1912 07 2 944 491 234 980 808 175 3
1912 08 2 205 277 99 13 452 103 310
1912 09 2 785 2 586 236 104 897 303
1912 09 4 699 415 872 770 232 205 590
1912 10 2 525 385 585 629 281 888 634
1912 11 2 700 146 930 980 33 564 776
1912 11 4 1 162 131 434 755 763 723
1912 12 2 323 23 235 355 587 11 129
1913 01 2 559 762 849 145 773 978 121
1913 02 1 652 161 377 824 697 904 317
1913 02 2 666 167 401 439 144 522 845
1913 02 3 545 661 508 628 219 668 931
1913 02 4 580 211 716 968 868 433 72
1913 03 2 827 945 456 970 467 302 636
1913 04 2 349 706 965 815 8 602 825
1913 04 4 525 311 458 501 743 625 70
1913 05 2 812 262 496 819 864 321 788
1913 06 2 702 450 386 565 770 174 173
1913 06 4 79 413 58 788 426 852 628
1913 07 2 45 210 477 814 384 650 366
1913 08 2 36 596 294 420 245 660 914
1913 09 2 666 923 692 911 583 606 145
1913 09 4 557 994 928 307 868 335 50
1913 10 2 287 945 649 869 550 795 845
1913 11 2 930 351 87 480 146 932 73
1913 11 4 666 221 168 673 110 2 423
1913 12 2 17 803 550 163 734 624 932
1914 01 2 975 853 986 709 476 918 318
1914 02 1 180 949 883 986 121 186 808
1914 02 2 38 794 805 514 712 123 757
1914 02 3 904 303 83 528 66 195 217
1914 02 4 818 82 753 377 122 245 26
1914 03 2 887 213 645 599 336 403 407
1914 04 2 111 683 352 447 85 760 684
1914 04 4 281 314 687 263 219 175 437
1914 05 2 656 919 381 741 678 66 528
1914 06 2 558 674 166 236 739 695 163
1914 06 4 795 491 762 107 100 622 365
1914 07 2 960 780 872 698 474 35 952
1914 08 2 692 105 145 165 139 97 418
1914 09 2 934 599 838 73 696 257 270
1914 09 4 93 57 357 569 377 127 565
1914 10 2 960 685 997 655 942 268 605
1914 11 2 936 621 838 877 888 443 156
1914 11 4 311 786 215 345 335 173 571
1914 12 2 989 282 39 877 725 196 878
1915 01 2 69 763 125 793 958 4 585
1915 02 1 666 497 371 926 283 96 173
1915 02 2 859 299 144 817 303 729 809
1915 02 3 495 309 910 246 465 228 766
1915 02 4 336 393 565 806 166 719 613
1915 03 2 231 991 754 533 719 563 570
1915 04 2 662 215 67 380 778 638 593
1915 04 4 204 716 679 315 178 294 641
1915 05 2 823 570 177 600 208 771 247
1915 06 2 675 777 710 883 547 958 206
1915 06 4 134 37 20 100 239 553 731
1915 07 2 83 341 996 630 298 203 997
1915 08 2 339 774 98 636 976 95 121
1915 09 2 41 130 377 17 225 499 551
1915 09 4 525 354 295 125 454 331 949
1915 10 2 357 254 763 581 752 315 365
1915 11 2 598 706 882 350 20 247 437
1915 11 4 461 415 302 57 467 823 387
1915 12 2 801 663 146 821 909 584 174
1916 01 2 451 489 144 360 72 319 150
1916 02 1 594 544 850 117 332 193 439
1916 02 2 681 583 143 752 902 294 299
1916 02 3 570 299 920 286 161 273 855
1916 03 2 642 539 461 544 832 760 158
1916 04 2 174 788 563 6 548 722 406
1916 04 4 836 997 121 180 751 821 803
1916 05 2 73 100 855 621 821 262 225
1916 06 2 149 523 22 970 784 247 588
1916 06 4 86 989 92 942 88 176 937
1916 07 2 237 970 618 21 216 206 160
1916 08 2 210 523 110 426 729 270 939
1916 09 2 444 725 262 173 994 201 461
1916 09 4 488 78 293 492 616 384 252
1916 10 2 157 490 807 151 690 268 706
1916 11 2 565 88 134 255 356 841 174
1916 11 4 664 344 690 350 532 268 802
1916 12 2 7 607 544 362 447 718 649
1917 01 2 178 383 611 624 101 260 77
1917 02 1 194 859 580 436 430 420 684
1917 02 2 803 295 231 903 555 308 857
1917 02 3 802 398 439 119 927 88 601
1917 02 4 112 784 286 314 653 47 341
1917 03 2 260 172 47 814 480 904 628
1917 04 2 45 373 605 524 277 234 804
1917 04 4 813 300 425 506 221 708 103
1917 05 2 944 198 478 220 431 282 797
1917 06 2 678 565 468 109 847 265 839
1917 06 4 800 305 562 610 495 50 692
1917 07 2 508 801 843 354 65 682 685
1917 08 2 385 721 963 450 403 649 381
1917 09 2 112 547 75 514 195 456 621
1917 09 4 55 375 979 341 90 383 711
1917 10 2 68 977 241 263 433 862 812
1917 11 2 415 311 161 847 173 973 684
1917 11 4 212 734 334 432 237 705 688
1917 12 2 688 902 922 860 874 606 261
1918 01 2 337 369 565 211 974 827 178
1918 02 1 521 433 494 539 868 941 244
1918 02 2 309 809 415 283 636 593 524
1918 02 3 230 642 2 269 559 130 441
1918 02 4 55 986 498 468 865 236 589
1918 03 2 977 156 615 612 749 140 852
1918 04 2 785 151 602 533 290 454 511
1918 04 4 805 832 659 487 927 582 837
1918 05 2 994 33 670 283 486 181 353
1918 06 2 78 133 700 564 313 54 355
1918 06 4 303 279 252 48 530 524 219
1918 07 2 428 644 520 741 697 876 990
1918 08 2 232 525 924 929 400 915 440
1918 09 2 566 885 132 966 799 573 676
1918 09 4 503 412 878 324 973 616 313
1918 10 2 618 306 923 417 878 600 754
1918 11 2 999 175 416 877 775 170 219
1918 11 4 718 134 526 270 686 402 819
1918 12 2 308 845 909 82 15 129 1
1919 01 2 426 622 266 440 751 268 21
1919 02 1 516 781 841 393 362 554 576
1919 02 2 176 842 228 927 109 249 42
1919 02 3 832 260 591 873 222 304 503
1919 02 4 506 411 362 17 182 990 176
1919 03 2 507 146 673 616 394 715 714
1919 04 4 857 641 489 857 947 380 626
1919 05 2 117 926 668 144 408 251 143
1919 06 2 824 371 185 231 622 329 425
1919 06 4 273 786 538 650 309 495 386
1919 07 2 827 767 82 448 95 507 999
1919 08 2 21 435 433 116 942 432 876
1919 09 2 625 101 323 566 532 199 27
1919 09 4 27 815 440 886 635 699 219
1919 10 2 610 345 436 142 543 463 869
1919 11 2 559 92 555 102 555 424 329
1919 11 4 92 253 31 839 737 484 213
1919 12 2 811 549 280 366 973 610 507
1920 01 2 68 613 55 40 223 562 271
1920 02 1 106 942 310 984 460 643 672
1920 02 2 256 727 567 478 288 839 538
1920 02 3 953 515 283 899 143 853 927
1920 03 2 213 838 796 501 677 334 292
1920 04 2 845 432 802 521 766 94 148
1920 04 4 412 587 319 121 423 107 113
1920 05 2 67 898 221 832 991 369 445
1920 06 2 457 365 836 448 734 281 106
1920 06 4 343 556 310 303 295 615 970
1920 07 2 837 695 897 571 976 4 348
1920 08 2 277 177 599 252 180 947 557
1920 09 2 118 592 393 298 538 950 340
1920 09 4 572 999 580 568 54 141 400
1920 10 2 376 823 420 913 773 761 696
1920 11 2 197 640 263 969 400 960 975
1920 11 4 112 659 777 343 690 177 996
1920 12 2 741 954 479 141 913 455 26
1921 01 2 810 257 371 722 711 398 105
1921 02 1 484 862 415 974 718 192 204
1921 02 2 448 576 248 159 973 354 486
1921 02 3 809 115 406 639 248 575 503
1921 02 4 759 92 535 955 187 231 102
1921 03 2 425 585 315 398 938 802 305
1921 04 2 413 799 151 351 600 457 96
1921 04 4 866 499 515 456 601 351 138
1921 05 2 829 63 222 428 519 319 942
1921 06 2 347 768 792 866 86 734 551
1921 06 4 604 918 211 986 503 170 197
1921 07 2 707 366 64 793 99 616 677
1921 08 2 316 773 373 415 388 50 867
1921 09 2 623 655 474 10 704 341 704
1921 09 4 442 221 501 414 112 919 44
1921 10 2 575 989 669 279 330 373 763
1921 11 2 230 340 369 560 713 132 29
1921 11 4 795 435 459 352 226 417 621
1921 12 2 228 987 379 940 119 408 62
1922 01 2 246 138 758 364 546 821 945
1922 02 1 36 344 832 627 603 591 444
1922 02 2 729 202 212 275 23 157 73
1922 02 3 39 658 54 544 467 215 106
1922 02 4 755 953 551 297 287 255 188
1922 03 2 595 259 613 617 416 687 537
1922 04 2 679 629 215 94 315 752 546
1922 04 4 554 567 44 127 614 708 298
1922 05 2 1000 137 863 314 889 410 970
1922 06 2 754 43 988 643 452 959 874
1922 06 4 648 647 271 699 298 220 69
1922 07 2 252 862 778 704 821 652 107
1922 08 2 202 885 337 23 536 444 238
1922 09 2 170 517 502 706 960 741 146
1922 09 4 293 550 455 907 545 928 112
1922 10 2 955 126 452 915 866 599 427
1922 11 2 606 793 565 472 391 993 602
1922 11 4 433 634 334 280 360 335 993
1922 12 2 106 506 409 496 498 12 323
1923 01 2 449 114 987 947 126 311 342
1923 02 1 39 726 258 424 669 963 915
1923 02 2 77 903 64 202 213 406 440
1923 02 3 459 89 452 240 190 325 383
1923 02 4 791 251 86 844 217 808 333
1923 03 2 497 381 833 709 787 273 599
1923 04 2 951 951 68 738 224 668 981
1923 04 4 474 269 789 993 612 380 44
1923 05 2 104 941 555 328 608 537 910
1923 06 2 933 851 723 541 388 634 865
1923 06 4 101 34 464 60 349 568 668
1923 07 2 586 116 255 973 750 121 363
1923 08 2 515 981 749 264 101 112 691
1923 09 2 684 223 367 784 335 58 288
1923 09 4 178 955 348 916 9 532 881
1923 10 2 914 778 29 249 835 318 786
1923 11 2 42 687 897 877 4 683 370
1923 11 4 485 146 756 308 138 583 851
1923 12 2 748 907 887 752 589 258 229
1924 01 2 888 888 517 477 146 747 886
1924 02 1 930 18 856 949 999 857 714
1924 02 2 745 231 363 890 977 249 90
1924 02 3 385 493 103 805 542 162 654
1924 03 2 866 739 738 843 987 829 45
1924 04 2 851 856 177 838 684 222 208
1924 04 4 6 197 56 761 113 970 7
1924 05 2 520 784 544 204 6 752 208
1924 06 2 957 421 246 963 173 454 336
1924 06 4 637 698 75 125 269 388 415
1924 07 2 54 57 73 227 511 410 533
1924 08 2 301 804 720 811 213 253 850
1924 09 2 877 898 782 90 151 633 101
1924 09 4 814 883 157 68 323 151 789
1924 10 2 331 999 171 482 632 273 75
1924 11 2 389 726 825 20 998 901 502
1924 11 4 756 420 302 104 558 627 29
1924 12 2 583 384 999 581 284 501 879
1925 01 2 11 609 592 294 110 472 899
1925 02 1 936 645 848 366 271 459 376
1925 02 2 68 969 575 178 440 475 347
1925 02 3 770 691 125 532 751 650 179
1925 02 4 986 273 558 161 636 134 376
1925 03 2 282 905 928 721 379 276 27
1925 04 2 300 908 591 678 184 618 825
1925 04 4 519 304 264 758 627 602 773
1925 05 2 292 926 211 475 543 36 623
1925 06 2 869 770 897 411 806 520 723
1925 06 4 319 515 559 585 468 902 727
1925 07 2 614 95 559 420 615 282 765
1925 08 2 300 624 276 914 905 42 537
1925 09 2 837 73 558 742 114 95 533
1925 09 4 915 635 936 509 934 71 739
1925 10 2 439 755 681 553 850 214 725
1925 11 2 728 23 708 578 237 433 595
1925 11 4 430 148 683 442 560 465 662
1925 12 2 630 396 716 866 829 312 373
1926 01 2 465 581 607 293 892 980 181
1926 02 1 3 7 98 115 76 963 855
1926 02 2 543 463 833 434 442 14 366
1926 02 3 395 655 461 449 829 419 324
1926 02 4 594 581 350 648 78 976 17
1926 03 2 513 430 53 954 444 419 232
1926 04 2 865 233 59 308 652 291 145
1926 04 4 924 152 502 723 522 850 503
1926 05 2 981 147 947 633 437 93 357
1926 06 2 764 937 925 201 29 282 621
1926 06 4 223 87 905 375 321 899 919
1926 07 2 171 988 31 199 270 652 750
1926 08 2 241 680 387 511 331 138 43
1926 09 2 402 47 132 733 184 176 849
1926 09 4 991 886 798 491 557 736 745
1926 10 2 191 998 677 374 174 527 564
1926 11 2 225 555 938 398 81 503 672
1926 11 4 491 566 419 744 140 166 860
1926 12 2 901 272 71 981 774 743 792
1927 01 2 499 526 896 273 268 688 99
1927 02 1 365 125 746 379 351 201 292
1927 02 2 727 188 121 994 876 220 215
1927 02 3 548 896 362 840 719 625 663
1927 02 4 140 157 213 770 852 445 732
1927 03 2 75 888 400 950 108 615 558
1927 04 2 129 148 887 236 762 445 890
1927 04 4 375 46 22 362 231 404 917
1927 05 2 134 65 997 896 509 887 167
1927 06 2 957 934 796 465 821 964 337
1927 06 4 263 241 560 357 394 103 828
1927 07 2 986 347 855 806 310 193 897
1927 08 2 808 41 605 118 233 502 58
1927 09 2 515 859 266 747 361 324 290
1927 09 4 963 413 745 92 293 715 582
1927 10 2 501 349 605 862 673 896 525
1927 11 2 687 835 996 359 730 522 483
1927 11 4 770 972 282 494 130 885 812
1927 12 2 595 640 448 325 161 931 587
1928 01 2 879 924 323 40 855 911 587
1928 02 1 432 744 846 835 983 322 832
1928 02 2 246 156 902 101 66 489 154
1928 02 3 535 640 895 434 168 343 156
1928 03 2 878 720 343 943 208 497 1
1928 04 2 105 588 272 313 85 274 54
1928 04 4 254 48 514 891 383 356 500
1928 05 2 228 139 870 312 412 924 531
1928 06 2 940 495 923 352 419 454 931
1928 06 4 685 611 987 996 158 337 391
1928 07 2 961 997 419 380 451 351 951
1928 08 2 684 977 120 134 328 71 90
1928 09 2 3 61 122 330 132 213 926
1928 09 4 216 629 954 827 737 961 801
1928 10 2 363 995 627 494 207 554 933
1928 11 2 438 623 973 645 176 907 521
1928 11 4 404 689 250 509 825 705 193
1928 12 2 545 89 290 721 995 812 691
1929 01 2 931 29 610 926 840 301 475
1929 02 1 250 634 530 594 476 269 481
1929 02 2 298 92 332 138 392 808 248
1929 02 3 682 21 528 309 408 24 376
1929 02 4 450 712 478 999 540 386 434
1929 03 2 956 233 669 348 41 917 798
1929 04 2 513 627 1000 553 544 798 275
1929 04 4 308 69 491 173 300 939 55
1929 05 2 508 116 779 52 914 54 531
1929 06 2 801 871 4 715 924 535 749
1929 06 4 659 230 28 993 950 668 96
1929 07 2 933 632 866 856 167 615 139
1929 08 2 651 536 800 817 151 939 873
1929 09 2 419 191 614 570 129 487 591
1929 09 4 382 335 797 904 823 533 595
1929 10 2 289 217 678 418 704 270 980
1929 11 2 425 267 145 128 537 125 322
1929 11 4 776 828 855 915 810 488 713
1929 12 2 935 138 80 471 263 403 798
1930 01 2 93 611 914 355 13 713 477
1930 02 1 208 611 687 718 567 218 160
1930 02 2 828 75 14 841 787 492 968
1930 02 3 53 143 857 140 843 160 580
1930 02 4 483 185 878 539 552 527 645
1930 03 2 711 377 217 497 868 185 153
1930 04 2 80 309 455 948 494 609 868
1930 04 4 58 631 772 558 467 907 194
1930 05 2 751 180 267 244 788 136 62
1930 06 2 895 306 149 683 442 212 87
1930 06 4 969 347 912 677 293 276 901
1930 07 2 840 200 186 281 412 274 785
1930 08 2 221 831 231 632 105 17 306
1930 09 2 626 330 848 730 346 155 388
1930 09 4 254 35 817 729 496 822 736
1930 10 2 111 857 37 457 11 426 743
1930 11 2 972 112 885 983 538 629 528
1930 11 4 298 378 601 816 578 455 129
1930 12 2 618 621 306 156 249 834 636
1931 01 2 941 419 362 189 252 999 131
1931 02 1 412 911 78 1000 231 190 206
1931 02 2 609 569 360 860 567 491 608
1931 02 3 741 308 239 23 238 812 713
1931 02 4 458 392 48 306 721 373 592
1931 03 2 907 43 328 474 534 936 396
1931 04 2 422 125 105 955 60 501 228
1931 04 4 788 691 57 687 492 311 868
1931 05 2 212 155 320 272 656 549 573
1931 06 2 231 151 860 886 699 433 676
1931 06 4 518 895 481 427 853 478 32
1931 07 2 823 589 250 522 22 926 292
1931 08 2 502 370 998 523 295 290 331
1931 09 2 626 488 693 921 778 25 187
1931 09 4 135 842 569 892 221 141 271
1931 10 2 572 428 210 349 452 397 86
1931 11 2 878 188 995 330 585 81 349
1931 11 4 476 566 659 732 181 53 882
1931 12 2 57 757 256 641 838 605 948
1932 01 2 588 44 692 425 649 640 715
1932 02 1 303 102 354 297 933 142 347
1932 02 2 186 39 946 834 679 662 585
1932 02 3 440 694 611 502 1 740 413
1932 03 2 519 778 884 197 440 470 278
1932 04 2 155 599 845 594 68 123 472
1932 04 4 302 177 480 155 254 999 387
1932 05 2 31 270 57 99 393 529 328
1932 06 2 424 51 274 816 579 603 219
1932 06 4 115 427 403 417 718 398 366
1932 07 2 517 705 488 96 308 707 54
1932 08 2 507 254 563 814 961 618 446
1932 09 2 575 690 98 536 308 544 465
1932 09 4 821 521 989 435 744 594 894
1932 10 2 929 728 880 237 271 345 202
1932 11 2 853 229 387 123 573 590 788
1932 11 4 534 260 877 113 47 748 260
1932 12 2 864 489 855 437 78 643 492
1933 01 2 410 720 432 488 363 924 834
1933 02 1 225 423 813 355 344 678 349
1933 02 2 398 782 241 760 705 76 393
1933 02 3 166 85 234 878 291 921 470
1933 02 4 847 991 623 272 720 226 949
1933 03 2 430 986 597 134 61 991 806
1933 04 2 470 664 740 531 655 546 757
1933 04 4 223 432 289 323 460 518 70
1933 05 2 211 567 295 866 112 52 594
1933 06 2 818 814 843 930 865 438 626
1933 06 4 119 7 986 276 660 725 478
1933 07 2 210 528 901 74 966 528 850
1933 08 2 938 256 26 903 783 877 995
1933 09 2 282 505 820 65 381 815 244
1933 09 4 155 599 288 212 39 133 499
1933 10 2 338 417 544 719 232 789 952
1933 11 2 52 176 633 283 964 585 581
1933 11 4 584 354 899 241 138 289 597
1933 12 2 52 155 604 16 740 185 58
1934 01 2 716 192 654 456 377 712 273
1934 02 1 762 505 450 348 66 39 985
1934 02 2 230 639 236 606 351 509 48
1934 02 3 597 367 476 569 896 534 778
1934 02 4 356 363 570 541 413 36 722
1934 03 2 147 622 46 497 131 95 438
1934 04 2 648 938 694 779 32 132 505
1934 04 4 198 643 160 693 711 182 727
1934 05 2 230 667 821 261 799 327 752
1934 06 2 796 582 123 594 908 876 437
1934 06 4 824 576 681 479 532 621 858
1934 07 2 916 579 534 824 454 971 858
1934 08 2 740 40 699 193 11 557 121
1934 09 2 262 25 366 272 582 487 28
1934 09 4 823 739 467 550 607 32 698
1934 10 2 902 275 170 483 762 199 516
1934 11 2 592 944 595 354 142 112 464
1934 11 4 350 817 975 718 642 757 388
1934 12 2 473 9 59 615 120 523 900
1935 01 2 455 185 996 574 708 897 54
1935 02 1 783 923 762 691 369 889 71
1935 02 2 74 68 397 781 964 451 889
1935 02 3 100 617 897 35 252 297 71
1935 02 4 818 852 930 851 256 820 190
1935 03 2 869 330 695 832 781 585 734
1935 04 2 87 187 363 867 772 98 746
1935 04 4 800 996 580 771 782 712 484
1935 05 2 779 129 17 551 227 764 521
1935 06 2 554 185 329 780 948 851 733
1935 06 4 141 946 145 990 594 453 412
1935 07 2 921 965 827 868 816 560 240
1935 08 2 530 670 960 345 230 201 956
1935 09 2 64 319 405 293 519 361 424
1935 09 4 604 313 535 57 971 572 812
1935 10 2 8 530 115 527 891 539 930
1935 11 2 90 817 691 980 356 621 187
1935 11 4 852 659 411 684 419 546 51
1935 12 2 944 25 115 299 646 302 3
1936 01 2 829 822 115 474 124 118 648
1936 02 1 546 2 884 418 806 592 232
1936 02 2 414 348 108 537 465 757 412
1936 02 3 397 281 890 739 482 638 440
1936 03 2 264 736 896 728 492 308 176
1936 04 2 881 264 564 372 571 741 259
1936 04 4 873 831 645 209 541 618 732
1936 05 2 245 247 647 816 988 906 974
1936 06 2 993 306 523 980 211 497 773
1936 06 4 748 439 956 690 180 824 905
1936 07 2 520 997 687 730 494 461 731
1936 08 2 520 317 58 14 777 789 208
1936 09 2 460 678 528 237 467 736 549
1936 09 4 839 879 689 220 768 111 809
1936 10 2 841 618 161 307 353 710 36
1936 11 2 668 363 953 21 72 990 140
1936 11 4 301 686 446 104 177 546 487
1936 12 2 832 592 188 904 581 328 51
1937 01 2 156 458 368 736 785 420 232
1937 02 1 5 142 441 638 707 711 101
1937 02 2 168 469 597 953 889 830 378
1937 02 3 101 962 306 414 299 213 455
1937 02 4 788 402 120 520 244 336 856
1937 03 2 456 643 129 344 472 508 308
1937 04 2 411 599 8 883 106 316 454
1937 04 4 671 502 811 732 491 146 269
1937 05 2 140 245 52 245 561 507 818
1937 06 2 932 751 378 492 257 197 980
1937 06 4 948 752 551 458 530 931 332
1937 07 2 279 889 892 536 86 872 738
1937 08 2 518 635 903 604 507 642 46
1937 09 2 518 88 799 24 729 845 624
1937 09 4 808 346 586 730 515 517 525
1937 10 2 335 238 89 64 83 713 203
1937 11 2 412 519 503 495 232 707 375
1937 11 4 764 430 442 690 582 238 179
1937 12 2 714 142 993 946 849 368 45
1938 01 2 28 53 405 876 421 450 541
1938 02 1 27 552 627 772 438 688 230
1938 02 2 740 636 341 161 86 883 109
1938 02 3 998 438 64 490 37 710 788
1938 02 4 737 476 607 326 951 913 390
1938 03 2 615 707 605 700 589 715 809
1938 04 2 492 804 308 81 518 117 666
1938 04 4 534 533 236 588 567 503 104
1938 05 2 375 428 881 893 544 548 561
1938 06 2 157 551 919 701 99 480 233
1938 06 4 207 989 945 788 26 653 885
1938 07 2 677 329 82 776 809 315 164
1938 08 2 287 638 108 96 952 272 803
1938 09 2 432 344 674 384 616 477 986
1938 09 4 373 196 801 483 915 586 543
1938 10 2 647 461 390 262 938 376 598
1938 11 2 868 105 128 805 480 727 440
1938 11 4 367 48 513 860 399 364 271
1938 12 2 59 495 973 539 221 413 962
1939 01 2 273 604 104 494 16 66 674
1939 02 1 134 793 203 641 571 834 205
1939 02 2 438 309 336 454 375 11 350
1939 02 3 782 177 912 887 757 210 374
1939 02 4 509 643 74 82 224 456 819
1939 03 2 512 998 746 886 9 96 640
1939 04 2 885 86 868 893 181 509 681
1939 04 4 813 443 17 970 614 289 375
1939 05 2 280 880 265 461 388 947 913
1939 06 2 594 389 13 982 336 927 429
1939 06 4 991 432 280 107 96 504 780
1939 07 2 625 418 773 960 345 202 599
1939 08 2 865 234 455 209 436 54 874
1939 09 2 254 212 577 690 265 451 25
1939 09 4 27 130 487 442 889 501 329
1939 10 2 513 2 851 777 453 876 44
1939 11 2 324 631 419 777 506 463 45
1939 11 4 412 464 237 693 288 520 530
1939 12 2 29 537 849 534 999 894 234
1940 01 2 619 932 102 618 826 337 505
1940 02 1 509 605 142 49 688 226 616
1940 02 2 157 718 923 983 55 429 838
1940 02 3 738 846 72 820 238 796 137
1940 03 2 238 565 329 293 993 167 254
1940 04 2 141 289 825 134 456 79 863
1940 04 4 120 112 784 68 574 654 664
1940 05 2 863 78 447 318 156 310 785
1940 06 2 508 100 612 663 410 398 222
1940 06 4 920 361 780 947 930 22 401
1940 07 2 191 217 177 600 614 400 731
1940 08 2 919 774 288 532 174 20 43
1940 09 2 218 426 397 391 446 441 271
1940 09 4 369 645 92 56 190 237 818
1940 10 2 156 690 718 602 131 989 753
1940 11 2 951 87 239 81 76 993 823
1940 11 4 341 702 965 400 969 125 940
1940 12 2 397 234 202 472 226 26 260
1941 01 2 579 647 867 805 672 127 866
1941 02 1 120 196 665 118 541 109 512
1941 02 2 755 380 925 427 507 791 61
1941 02 3 580 778 417 544 522 58 384
1941 02 4 2 71 112 191 502 958 532
1941 03 2 632 738 488 138 529 550 817
1941 04 2 573 67 990 102 617 807 209
1941 04 4 113 106 613 287 121 843 613
1941 05 2 497 872 145 114 678 355 55
1941 06 2 168 46 122 846 400 177 562
1941 06 4 576 755 956 148 508 187 529
1941 07 2 700 908 253 100 85 815 715
1941 08 2 648 385 848 732 200 563 838
1941 09 2 447 858 972 646 420 810 269
1941 09 4 58 319 242 775 139 142 978
1941 10 2 482 799 62 902 608 331 326
1941 11 2 737 97 407 344 428 733 468
1941 11 4 524 463 1 53 204 784 575
1941 12 2 604 116 705 31 849 173 389
1942 01 2 316 42 173 164 215 563 791
1942 02 1 966 962 583 505 161 920 646
1942 02 2 962 820 640 177 382 432 865
1942 02 3 563 307 781 734 67 276 405
1942 02 4 861 782 334 113 717 805 717
1942 03 2 653 42 358 35 473 223 357
1942 04 2 20 162 62 493 385 420 527
1942 04 4 331 634 101 213 738 457 860
1942 05 2 732 463 925 116 883 453 28
1942 06 2 442 398 354 324 850 382 763
1942 06 4 216 162 155 420 355 327 623
1942 07 2 895 360 946 745 742 709 343
1942 08 2 723 835 856 465 544 199 125
1942 09 2 70 368 804 613 567 929 40
1942 09 4 855 939 473 843 403 372 918
1942 10 2 868 384 180 435 313 220 362
1942 11 2 418 158 736 730 378 99 465
1942 11 4 320 38 663 906 688 612 116
1942 12 2 150 20 752 528 118 217 310
1943 01 2 278 65 227 396 281 537 892
1943 02 1 324 111 190 873 369 503 571
1943 02 2 568 799 43 848 335 935 661
1943 02 3 741 349 534 763 209 620 40
1943 02 4 709 262 46 918 27 182 815
1943 03 2 593 350 923 927 285 584 471
1943 04 2 881 576 1 166 160 472 190
1943 04 4 366 683 13 638 748 478 200
1943 05 2 625 721 2 785 192 192 875
1943 06 2 613 804 301 805 995 177 472
1943 06 4 894 804 953 255 391 400 780
1943 07 2 973 951 264 968 128 737 131
1943 08 2 70 732 568 197 469 700 607
1943 09 2 436 519 577 904 218 184 348
1943 09 4 716 707 504 780 970 228 6
1943 10 2 511 689 286 728 872 635 914
1943 11 2 459 574 968 331 209 883 72
1943 11 4 774 87 233 281 803 929 208
1943 12 2 529 603 426 738 485 499 792
1944 01 2 245 294 85 730 792 877 448
1944 02 1 284 91 406 102 734 273 448
1944 02 2 566 533 709 358 410 158 512
1944 02 3 773 228 191 934 730 362 724
1944 03 2 736 315 330 145 472 843 941
1944 04 2 16 752 714 487 594 656 730
1944 04 4 282 551 884 855 460 759 322
1944 05 2 124 506 622 718 162 352 380
1944 06 2 283 105 275 444 457 656 392
1944 06 4 133 977 979 506 789 89 268
1944 07 2 956 414 758 412 70 150 128
1944 08 2 714 694 277 783 843 405 349
1944 09 2 573 30 279 416 434 628 29
1944 09 4 211 863 662 937 785 982 256
1944 10 2 437 18 65 871 646 95 623
1944 11 2 367 346 525 13 440 148 55
1944 11 4 689 489 918 591 843 75 955
1944 12 2 652 280 294 92 428 349 262
1945 01 2 976 828 125 404 176 388 107
1945 02 1 950 706 125 332 402 660 364
1945 02 2 487 490 781 663 878 888 357
1945 02 3 929 490 741 291 584 674 463
1945 02 4 428 290 483 959 165 248 829
1945 03 2 300 513 763 177 401 121 213
1945 04 2 32 272 381 433 392 595 760
1945 04 4 175 244 371 654 86 22 86
1945 05 2 73 609 859 465 204 619 465
1945 06 2 662 71 999 865 690 465 616
1945 06 4 100 936 590 784 454 959 584
1945 07 2 915 614 989 604 78 605 289
1945 08 2 432 323 661 509 928 951 710
1945 09 2 936 86 3 863 36 713 938
1945 09 4 884 127 84 204 55 127 271
1945 10 2 159 929 962 195 642 900 614
1945 11 2 538 325 820 180 224 435 172
1945 11 4 910 278 744 787 830 488 34
1945 12 2 884 793 42 108 228 215 94
1946 01 2 184 424 654 411 639 749 363
1946 02 1 237 456 368 900 846 749 445
1946 02 2 173 100 440 811 848 803 253
1946 02 3 39 374 263 142 451 998 392
1946 02 4 176 618 197 830 751 235 677
1946 03 2 432 4 777 280 807 31 461
1946 04 2 306 985 663 112 15 124 955
1946 04 4 636 193 63 149 596 796 351
1946 05 2 478 413 808 493 537 764 911
1946 06 2 143 662 999 680 425 910 63
1946 06 4 895 134 256 92 810 508 704
1946 07 2 249 579 237 673 489 301 801
1946 08 2 841 32 787 330 332 588 911
1946 09 2 795 872 556 126 460 468 774
1946 09 4 95 347 483 2 175 924 731
1946 10 2 211 216 383 670 684 158 671
1946 11 2 137 622 368 821 779 40 99
1946 11 4 66 870 272 846 689 167 672
1946 12 2 50 868 812 829 908 911 942
1947 01 2 838 164 350 746 74 293 356
1947 02 1 258 964 457 730 934 808 251
1947 02 2 972 601 517 45 894 874 156
1947 02 3 538 527 27 292 813 142 3
1947 02 4 158 364 111 747 577 605 842
1947 03 2 417 788 122 310 662 279 274
1947 04 2 745 792 375 406 71 649 604
1947 04 4 411 338 883 29 527 152 213
1947 05 2 68 73 7 138 721 611 13
1947 06 2 169 915 19 890 526 32 559
1947 06 4 900 93 978 679 647 908 442
1947 07 2 230 155 995 756 186 555 986
1947 08 2 781 684 461 967 238 448 689
1947 09 2 215 986 938 452 433 627 863
1947 09 4 386 451 173 997 633 247 255
1947 10 2 306 910 294 738 537 157 132
1947 11 2 10 360 500 547 517 632 562
1947 11 4 323 260 205 639 757 547 765
1947 12 2 1000 400 551 516 32 113 309
1948 01 2 757 87 829 789 200 139 729
1948 02 1 671 558 567 984 914 104 295
1948 02 2 191 124 459 390 263 189 525
1948 02 3 631 706 791 801 769 758 958
1948 03 2 933 406 381 196 594 907 261
1948 04 2 802 513 685 395 419 946 618
1948 04 4 717 735 173 527 378 407 699
1948 05 2 503 883 742 922 829 361 951
1948 06 2 620 802 961 449 162 912 275
1948 06 4 159 460 330 835 478 17 663
1948 07 2 220 97 8 381 9 283 544
1948 08 2 561 592 731 569 875 276 851
1948 09 2 615 476 818 490 751 670 556
1948 09 4 869 93 610 197 645 509 610
1948 10 2 527 490 177 278 159 733 640
1948 11 2 631 926 422 790 659 62 100
1948 11 4 236 637 493 550 578 754 597
1948 12 2 307 502 628 966 564 728 942
1949 01 2 206 733 6 769 460 949 235
1949 02 1 618 393 282 351 97 387 391
1949 02 2 119 398 71 579 346 306 584
1949 02 3 177 572 204 989 678 780 375
1949 02 4 748 918 482 707 182 252 722
1949 03 2 938 114 87 284 420 672 755
1949 04 2 593 907 768 12 579 523 607
1949 04 4 858 900 86 908 816 942 603
1949 05 2 775 745 122 353 268 729 172
1949 06 2 288 130 170 556 858 343 304
1949 06 4 130 794 918 255 134 47 327
1949 07 2 548 254 281 406 597 585 182
1949 08 2 125 23 360 721 608 543 572
1949 09 2 64 70 178 671 612 751 135
1949 09 4 397 700 25 96 62 700 375
1949 10 2 948 129 448 559 879 584 742
1949 11 2 334 338 114 213 921 857 493
1949 11 4 689 795 594 288 520 155 48
1949 12 2 257 161 55 178 18 549 88
1950 01 2 650 525 598 667 74 686 14
1950 02 1 59 151 295 222 639 766 642
1950 02 2 291 240 955 364 926 969 952
1950 02 3 520 416 97 52 196 60 359
1950 02 4 791 961 645 339 776 353 5
1950 03 2 938 385 719 864 353 672 477
1950 04 2 625 208 411 977 879 888 849
1950 04 4 229 280 325 394 47 180 62
1950 05 2 943 657 713 822 545 563 786
1950 06 2 899 566 807 444 129 593 449
1950 06 4 588 821 16 792 953 76 86
1950 07 2 491 219 665 619 812 114 84
1950 08 2 435 263 98 246 377 182 682
1950 09 2 884 191 772 260 372 455 300
1950 09 4 486 213 348 78 775 420 723
1950 10 2 300 687 511 672 141 811 170
1950 11 2 646 335 18 787 146 188 574
1950 11 4 613 62 263 974 521 184 630
1950 12 2 461 529 68 607 716 642 738
1951 01 2 620 358 5 336 1000 744 544
1951 02 1 988 464 288 926 556 579 323
1951 02 2 937 329 511 936 73 56 42
1951 02 3 477 256 669 98 318 803 980
1951 02 4 6 647 960 909 823 843 185
1951 03 2 389 548 924 461 603 967 89
1951 04 2 586 98 82 189 65 172 267
1951 04 4 846 530 34 679 190 471 816
1951 05 2 782 581 629 846 752 897 131
1951 06 2 454 898 87 205 794 219 885
1951 06 4 806 989 975 658 144 242 153
1951 07 2 112 805 57 905 23 943 38
1951 08 2 542 988 263 564 931 301 762
1951 09 2 129 575 711 59 876 473 984
1951 09 4 837 421 791 288 97 642 417
1951 10 2 648 974 955 524 446 940 813
1951 11 2 595 386 243 40 325 56 909
1951 11 4 658 862 676 390 1 913 631
1951 12 2 116 944 245 441 999 155 890
1952 01 2 423 457 175 422 612 65 532
1952 02 1 434 552 923 52 32 135 785
1952 02 2 592 960 876 203 25 409 960
1952 02 3 760 776 201 73 890 539 207
1952 03 2 941 638 936 966 46 897 214
1952 04 2 202 679 185 247 575 400 52
1952 04 4 838 147 224 55 6 326 548
1952 05 2 305 309 363 880 708 415 125
1952 06 2 132 463 380 839 877 506 359
1952 06 4 50 3 928 222 722 614 17
1952 07 2 339 259 510 215 764 869 435
1952 08 2 183 944 472 946 813 907 147
1952 09 2 764 994 212 577 901 359 906
1952 09 4 261 841 575 660 146 690 282
1952 10 2 274 410 828 174 768 735 994
1952 11 2 734 759 193 502 493 188 691
1952 11 4 985 292 635 331 816 344 524
1952 12 2 376 770 210 869 958 902 158
1953 01 2 479 119 280 436 21 438 535
1953 02 1 494 98 342 529 807 251 939
1953 02 2 370 219 720 390 656 256 431
1953 02 3 358 842 74 76 42 369 698
1953 02 4 712 45 52 629 122 16 770
1953 03 2 302 924 122 958 180 553 455
1953 04 2 324 335 578 503 887 33 39
1953 04 4 964 304 797 129 311 889 406
1953 05 2 458 640 829 344 672 869 624
1953 06 2 757 413 636 429 282 260 661
1953 06 4 687 117 540 174 768 340 784
1953 07 2 277 810 140 558 69 801 358
1953 08 2 228 19 176 297 820 535 964
1953 09 2 569 71 493 389 605 458 360
1953 09 4 934 865 844 224 323 151 727
1953 10 2 502 357 906 106 815 267 888
1953 11 2 604 250 803 418 516 691 75
1953 11 4 383 153 652 397 634 881 110
1953 12 2 934 341 762 449 32 837 826
1954 01 2 702 70 272 733 906 98 34
1954 02 1 916 526 44 805 887 352 626
1954 02 2 422 899 321 327 997 355 321
1954 02 3 559 439 689 331 362 185 821
1954 02 4 304 666 460 156 376 161 233
1954 03 2 621 482 378 617 837 699 36
1954 04 2 761 936 930 597 634 967 991
1954 04 4 211 183 61 72 785 938 618
1954 05 2 666 846 375 300 813 367 70
1954 06 2 91 661 419 903 28 490 406
1954 06 4 156 877 419 974 630 969 700
1954 07 2 573 680 270 600 169 677 709
1954 08 2 310 213 759 479 889 469 476
1954 09 2 542 33 965 431 501 441 506
1954 09 4 119 860 412 628 715 589 437
1954 10 2 664 763 125 164 204 631 298
1954 11 2 349 365 662 552 996 960 352
1954 11 4 800 490 851 140 60 697 614
1954 12 2 602 894 887 597 854 239 424
1955 01 2 481 340 967 334 579 392 654
1955 02 1 524 960 786 292 547 239 661
1955 02 2 579 628 361 158 19 16 303
1955 02 3 844 374 245 204 617 926 584
1955 02 4 726 47 869 258 40 474 922
1955 03 2 143 367 684 162 383 987 703
1955 04 2 987 643 338 369 629 42 594
1955 04 4 553 320 201 754 99 864 387
1955 05 2 623 927 975 252 968 570 240
1955 06 2 106 925 160 73 495 401 29
1955 06 4 390 557 435 187 280 722 363
1955 07 2 223 382 313 717 783 343 805
1955 08 2 159 564 668 941 906 474 328
1955 09 2 538 338 855 444 811 183 540
1955 09 4 62 3 599 896 562 25 607
1955 10 2 278 532 285 89 715 826 899
1955 11 2 241 168 602 955 994 502 204
1955 11 4 896 741 876 163 148 900 433
1955 12 2 977 545 373 971 46 577 751
1956 01 2 943 342 678 989 919 429 229
1956 02 1 715 37 226 445 436 195 151
1956 02 2 536 829 366 454 258 596 532
1956 02 3 105 266 56 834 56 975 523
1956 03 2 255 127 751 513 722 284 961
1956 04 2 842 740 920 563 23 882 388
1956 04 4 269 276 358 892 642 809 462
1956 05 2 996 15 536 19 897 925 589
1956 06 2 437 1 964 333 925 554 127
1956 06 4 331 711 808 435 654 234 73
1956 07 2 971 785 591 895 339 718 791
1956 08 2 683 834 246 21 552 38 677
1956 09 2 795 926 780 347 963 458 427
1956 09 4 658 309 906 225 847 10 955
1956 10 2 730 803 776 693 260 203 582
1956 11 2 557 530 605 816 732 187 507
1956 11 4 710 593 513 987 611 768 452
1956 12 2 909 847 308 640 33 816 358
1957 01 2 287 943 827 320 759 185 865
1957 02 1 381 296 31 659 737 666 845
1957 02 2 609 672 343 367 857 208 77
1957 02 3 312 179 975 185 725 59 420
1957 02 4 715 629 453 395 110 550 281
1957 03 2 667 946 952 523 153 29 999
1957 04 2 136 248 631 289 277 631 752
1957 04 4 186 527 975 347 950 273 352
1957 05 2 938 898 552 214 528 305 696
1957 06 2 634 453 551 161 758 248 292
1957 06 4 298 137 534 888 708 850 195
1957 07 2 208 848 194 965 95 486 426
1957 08 2 716 716 258 810 202 685 263
1957 09 2 612 438 25 813 123 288 562
1957 09 4 173 957 109 967 428 167 850
1957 10 2 734 532 545 856 820 108 727
1957 11 2 527 811 677 347 918 405 215
1957 11 4 920 708 847 317 897 524 509
1957 12 2 921 900 864 838 305 80 943
1958 01 2 384 314 100 688 394 44 790
1958 02 1 235 425 119 576 909 569 836
1958 02 2 882 936 980 275 979 771 63
1958 02 3 663 628 283 27 367 151 568
1958 02 4 454 188 431 701 192 594 887
1958 03 2 774 199 731 752 969 794 283
1958 04 2 301 526 397 270 319 680 899
1958 04 4 787 1 802 725 759 833 681
1958 05 2 182 778 238 501 457 138 240
1958 06 2 69 845 277 525 983 518 226
1958 06 4 303 219 32 611 624 108 784
1958 07 2 683 693 580 665 210 807 340
1958 08 2 789 335 339 998 142 680 493
1958 09 2 885 97 556 26 777 50 862
1958 09 4 929 206 62 307 142 56 399
1958 10 2 171 615 653 948 664 515 898
1958 11 2 870 766 991 534 280 889 732
1958 11 4 370 148 705 335 698 188 30
1958 12 2 805 894 884 85 783 617 956
1959 01 2 393 705 308 175 321 265 192
1959 02 1 685 291 216 103 789 36 325
1959 02 2 740 634 356 61 898 549 441
1959 02 3 911 227 592 439 872 852 280
1959 02 4 845 135 39 601 440 733 346
1959 03 2 185 349 397 83 898 838 812
1959 04 2 965 938 270 862 776 83 669
1959 04 4 847 544 205 634 591 429 444
1959 05 2 884 339 509 660 422 178 499
1959 06 2 441 897 720 862 75 219 769
1959 06 4 185 26 577 457 19 404 607
1959 07 2 106 590 45 180 808 815 347
1959 08 2 982 253 774 790 68 121 90
1959 09 2 582 638 689 649 758 780 949
1959 09 4 802 728 456 616 229 461 711
1959 10 2 783 496 391 540 275 341 467
1959 11 2 954 842 436 228 182 903 236
1959 11 4 740 840 120 498 556 808 243
1959 12 2 104 222 535 285 125 771 204
1960 01 2 80 820 231 205 591 436 189
1960 02 1 11 401 294 854 258 580 798
1960 02 2 400 30 542 990 465 731 623
1960 02 3 354 293 194 245 441 670 243
1960 03 2 31 202 901 495 932 524 199
1960 04 2 688 906 97 620 430 297 904
1960 04 4 720 463 905 160 117 273 663
1960 05 2 710 114 284 139 411 189 384
1960 06 2 281 790 31 692 978 415 791
1960 06 4 761 392 589 653 766 170 387
1960 07 2 766 655 675 744 70 467 343
1960 08 2 81 613 928 150 80 271 520
1960 09 2 423 67 421 502 338 941 692
1960 09 4 915 78 207 582 174 168 499
1960 10 2 873 813 107 211 754 799 588
1960 11 2 641 144 356 394 942 945 109
1960 11 4 596 924 840 979 803 641 292
1960 12 2 665 883 590 607 827 700 286
1961 01 2 656 975 43 482 674 330 175
1961 02 1 248 167 3 20 940 388 455
1961 02 2 362 499 77 36 828 253 403
1961 02 3 871 302 843 476 477 504 992
1961 02 4 779 224 826 959 221 746 771
1961 03 2 442 524 560 270 776 964 84
1961 04 2 817 958 168 592 921 253 237
1961 04 4 778 987 369 861 926 395 855
1961 05 2 870 433 405 791 686 642 975
1961 06 2 18 753 935 703 395 911 567
1961 06 4 803 253 832 849 89 680 804
1961 07 2 262 393 431 656 303 999 50
1961 08 2 725 518 99 28 517 149 143
1961 09 2 864 541 817 380 690 960 937
1961 09 4 621 715 910 870 861 769 768
1961 10 2 662 171 615 351 130 553 105
1961 11 2 136 397 973 266 949 79 766
1961 11 4 277 858 611 821 7 773 865
1961 12 2 909 170 843 858 249 610 236
1962 01 2 773 676 817 21 286 54 342
1962 02 1 987 942 828 38 545 661 997
1962 02 2 337 815 339 622 868 681 112
1962 02 3 311 314 95 703 351 47 714
1962 02 4 468 354 537 227 801 72 798
1962 03 2 637 212 245 505 893 358 298
1962 04 2 118 713 352 10 71 651 213
1962 04 4 10 526 487 473 459 50 948
1962 05 2 42 846 13 113 497 226 853
1962 06 2 756 545 761 253 771 615 792
1962 06 4 279 422 574 611 85 989 379
1962 07 2 335 283 714 106 898 506 220
1962 08 2 237 357 18 134 863 239 260
1962 09 2 414 493 378 276 731 638 460
1962 09 4 296 164 512 48 361 136 277
1962 10 2 875 820 436 606 458 897 993
1962 11 2 514 331 717 971 227 710 916
1962 11 4 46 841 417 911 140 363 965
1962 12 2 92 281 397 319 991 313 643
1963 01 2 493 928 964 483 241 607 637
1963 02 1 626 68 790 179 280 322 823
1963 02 2 250 788 256 490 394 893 539
1963 02 3 528 972 143 980 603 644 89
1963 02 4 157 996 74 646 830 494 329
1963 03 2 246 868 180 639 760 720 379
1963 04 2 593 729 613 353 448 993 639
1963 04 4 793 969 798 503 266 435 774
1963 05 2 819 21 557 266 13 197 404
1963 06 2 781 740 837 794 936 242 319
1963 06 4 169 402 341 383 884 462 300
1963 07 2 156 285 988 91 527 307 129
1963 08 2 998 25 221 524 331 351 127
1963 09 2 482 482 126 812 832 253 972
1963 09 4 803 956 90 953 555 718 530
1963 10 2 586 943 703 418 196 675 134
1963 11 2 476 326 6 671 1 140 340
1963 11 4 860 621 460 752 995 515 253
1963 12 2 3 9 651 3 149 991 368
1964 01 2 741 624 284 889 614 653 836
1964 02 1 904 156 68 182 888 41 462
1964 02 2 665 746 516 279 399 353 374
1964 02 3 26 281 299 314 112 92 837
1964 03 2 186 57 858 584 409 233 604
1964 04 2 798 911 50 207 143 654 640
1964 04 4 623 576 216 886 262 79 173
1964 05 2 257 715 122 400 368 763 55
1964 06 2 63 775 124 431 537 180 353
1964 06 4 572 343 746 138 590 572 622
1964 07 2 379 7 149 916 187 503 602
1964 08 2 125 658 42 311 161 644 11
1964 09 2 750 469 934 910 113 946 399
1964 09 4 176 29 857 833 437 6 624
1964 10 2 185 445 959 297 390 358 466
1964 11 2 540 686 462 930 44 928 56
1964 11 4 32 915 812 342 86 785 39
1964 12 2 555 654 189 599 582 245 213
1965 01 2 633 424 352 215 668 565 914
1965 02 1 882 259 986 81 238 221 834
1965 02 2 644 186 84 312 751 998 985
1965 02 3 269 948 85 265 24 613 900
1965 02 4 734 263 740 487 814 213 496
1965 03 2 796 661 658 547 659 644 354
1965 04 2 10 957 592 668 600 947 595
1965 04 4 826 489 405 418 255 269 481
1965 05 2 711 796 279 311 742 874 500
1965 06 2 518 215 257 260 89 757 385
1965 06 4 249 378 516 699 851 542 57
1965 07 2 55 461 74 144 217 460 892
1965 08 2 127 14 220 344 474 113 622
1965 09 2 397 513 761 870 625 383 748
1965 09 4 740 48 630 229 62 791 547
1965 10 2 278 882 640 902 265 389 820
1965 11 2 258 76 734 523 464 554 880
1965 11 4 720 902 516 856 203 830 406
1965 12 2 669 736 818 133 290 699 745
1966 01 2 6 571 46 296 269 791 421
1966 02 1 3 790 445 248 60 198 160
1966 02 2 768 207 361 36 998 782 518
1966 02 3 952 678 158 17 971 620 877
1966 02 4 431 738 339 1000 91 860 987
1966 03 2 708 133 433 705 915 952 894
1966 04 2 975 981 934 890 932 828 754
1966 04 4 525 753 481 237 841 162 598
1966 05 2 41 868 374 972 695 128 531
1966 06 2 383 755 314 78 883 845 651
1966 06 4 392 905 441 86 626 170 962
1966 07 2 46 369 521 928 214 172 573
1966 08 2 725 245 141 939 416 715 685
1966 09 2 827 401 520 243 115 205 603
1966 09 4 177 403 922 531 405 120 106
1966 10 2 990 577 615 104 782 219 311
1966 11 2 643 665 72 424 883 384 738
1966 11 4 785 177 455 699 344 514 231
1966 12 2 866 922 371 749 306 110 308
1967 01 2 959 996 208 264 106 516 804
1967 02 1 996 527 647 589 564 272 47
1967 02 2 268 255 787 373 771 591 925
1967 02 3 524 235 74 701 978 638 298
1967 02 4 103 663 645 700 267 985 668
1967 03 2 154 384 229 924 974 155 636
1967 04 2 173 804 513 147 959 149 643
1967 04 4 313 801 922 918 617 609 34
1967 05 2 849 683 334 807 831 977 153
1967 06 2 762 584 879 593 561 33 280
1967 06 4 757 117 23 938 940 733 264
1967 07 2 885 87 607 446 120 888 823
1967 08 2 937 544 532 56 431 355 75
1967 09 2 349 716 551 779 70 626 269
1967 09 4 352 969 174 627 966 242 572
1967 10 2 861 554 373 930 180 643 709
1967 11 2 865 517 410 44 160 119 401
1967 11 4 208 126 357 58 989 872 857
1967 12 2 505 856 387 664 974 788 2
1968 01 2 648 260 241 622 47 244 452
1968 02 1 525 971 644 598 764 517 173
1968 02 2 776 415 33 823 658 486 955
1968 02 3 939 191 241 227 234 385 474
1968 03 2 820 483 488 478 968 444 544
1968 04 2 541 495 959 508 938 504 413
1968 04 4 738 529 822 33 605 846 602
1968 05 2 897 202 318 834 705 732 405
1968 06 2 841 573 351 546 305 756 537
1968 06 4 567 880 548 100 843 370 732
1968 07 2 292 76 153 596 832 690 178
1968 08 2 591 125 951 423 815 129 853
1968 09 2 312 97 387 127 226 240 617
1968 09 4 759 472 249 8 856 318 855
1968 10 2 619 901 695 845 140 312 392
1968 11 2 459 531 431 598 842 823 452
1968 11 4 302 643 913 621 585 982 114
1968 12 2 231 411 774 73 234 227 631
1969 01 2 200 346 118 433 573 749 825
1969 02 1 219 410 189 34 199 760 78
1969 02 2 106 197 830 678 945 655 116
1969 02 3 352 221 285 477 417 479 673
1969 02 4 76 526 806 191 630 408 984
1969 03 2 158 242 715 102 897 832 976
1969 04 2 786 847 505 683 678 481 930
1969 04 4 177 300 532 477 289 934 592
1969 05 2 524 373 736 201 853 666 930
1969 06 2 739 438 353 592 104 284 185
1969 06 4 30 480 258 846 138 665 880
1969 07 2 311 751 75 414 34 261 836
1969 08 2 384 221 584 417 481 421 860
1969 09 2 781 694 342 261 114 203 262
1969 09 4 945 388 14 782 478 687 534
1969 10 2 299 406 551 413 608 813 579
1969 11 2 478 782 431 86 595 10 24
1969 11 4 234 933 956 509 417 575 379
1969 12 2 804 855 24 399 865 49 220
1970 01 2 261 868 464 125 916 685 578
1970 02 1 565 642 147 827 48 991 892
1970 02 2 858 357 433 774 41 11 845
1970 02 3 857 382 918 953 272 989 231
1970 02 4 734 109 561 534 434 221 775
1970 03 2 74 650 544 114 661 389 126
1970 04 2 936 223 971 596 612 97 112
1970 04 4 15 239 335 312 313 577 470
1970 05 2 122 254 357 733 351 470 114
1970 06 2 944 754 436 294 223 550 784
1970 06 4 795 855 43 133 126 506 112
1970 07 2 723 908 445 945 458 229 217
1970 08 2 497 222 285 954 451 503 498
1970 09 2 572 894 794 22 397 292 148
1970 09 4 388 368 878 918 369 513 864
1970 10 2 789 242 380 185 533 529 909
1970 11 2 540 714 446 73 242 355 502
1970 11 4 821 614 316 798 365 609 40
1970 12 2 575 366 803 816 721 306 586
1971 01 2 131 984 694 851 289 281 748
1971 02 1 504 722 281 808 487 462 684
1971 02 2 446 379 468 735 659 217 923
1971 02 3 622 148 638 412 448 512 198
1971 02 4 715 347 829 285 409 705 115
1971 03 2 783 996 38 442 212 962 734
1971 04 2 89 594 459 301 555 193 134
1971 04 4 435 927 811 662 925 921 314
1971 05 2 720 462 363 275 654 497 937
1971 06 2 243 755 570 897 251 507 113
1971 06 4 254 401 683 295 880 561 86
1971 07 2 717 449 784 968 956 898 93
1971 08 2 452 865 320 407 762 414 24
1971 09 2 659 892 905 421 306 929 857
1971 09 4 987 12 578 956 923 499 473
1971 10 2 191 993 58 496 922 915 131
1971 11 2 198 126 840 119 41 971 342
1971 11 4 522 603 836 507 871 964 33
1971 12 2 950 155 673 990 126 16 401
1972 01 2 631 358 337 757 373 738 0
1972 02 1 755 268 26 153 744 710 498
1972 02 2 68 836 131 441 573 131 655
1972 02 3 347 228 663 586 370 572 450
1972 03 2 233 458 327 806 589 982 642
1972 04 2 222 360 853 810 341 495 744
1972 04 4 956 757 786 231 976 305 714
1972 05 2 843 438 948 183 933 692 732
1972 06 2 574 538 24 507 230 756 238
1972 06 4 561 209 227 852 593 293 865
1972 07 2 710 672 634 939 428 873 122
1972 08 2 117 76 12 544 948 135 586
1972 09 2 744 33 291 692 168 877 159
1972 09 4 621 96 771 770 488 160 680
1972 10 2 76 13 9 243 890 169 38
1972 11 2 508 228 861 397 396 900 890
1972 11 4 346 488 549 796 907 28 590
1972 12 2 581 549 760 976 448 650 365
1973 01 2 825 29 77 273 679 442 150
1973 02 1 107 472 349 628 748 619 727
1973 02 2 647 804 844 326 246 995 53
1973 02 3 803 55 890 17 470 495 123
1973 02 4 198 30 214 590 970 99 31
1973 03 2 235 733 971 481 728 25 69
1973 04 2 217 265 598 944 290 667 474
1973 04 4 921 970 64 629 241 811 905
1973 05 2 100 857 143 390 523 618 757
1973 06 2 119 266 920 642 883 678 789
1973 06 4 366 783 60 964 223 116 823
1973 07 2 475 593 849 357 270 639 878
1973 08 2 813 432 501 83 70 379 703
1973 09 2 866 217 209 936 595 913 658
1973 09 4 940 369 456 129 812 1000 604
1973 10 2 219 742 692 814 654 350 517
1973 11 2 772 318 188 426 668 705 654
1973 11 4 788 903 796 786 426 663 875
1973 12 2 220 534 598 888 238 253 909
1974 01 2 645 941 777 883 193 687 462
1974 02 1 997 27 388 665 138 731 553
1974 02 2 672 330 665 865 16 128 635
1974 02 3 364 287 654 358 458 184 11
1974 02 4 236 751 413 685 980 674 902
1974 03 2 525 285 556 541 412 192 400
1974 04 2 409 617 751 821 808 151 595
1974 04 4 396 69 643 363 127 494 29
1974 05 2 520 631 886 328 781 482 612
1974 06 2 154 865 602 935 347 214 918
1974 06 4 991 4 621 980 726 628 952
1974 07 2 738 109 209 84 322 128 640
1974 08 2 816 896 958 138 24 598 504
1974 09 2 155 165 63 178 763 568 671
1974 09 4 886 672 193 749 605 396 906
1974 10 2 507 898 68 269 465 740 910
1974 11 2 249 638 254 714 377 165 598
1974 11 4 336 674 142 145 141 144 751
1974 12 2 974 997 583 350 161 182 784
1975 01 2 946 980 269 106 162 54 639
1975 02 1 254 424 653 200 373 51 118
1975 02 2 30 388 424 192 441 64 950
1975 02 3 537 652 928 956 235 619 993
1975 02 4 196 791 612 413 434 830 537
1975 03 2 392 369 461 833 432 412 813
1975 04 2 772 665 943 203 77 756 170
1975 04 4 326 379 857 905 883 684 737
1975 05 2 379 168 574 456 924 744 595
1975 06 2 6 320 584 929 64 179 349
1975 06 4 726 601 328 827 180 852 325
1975 07 2 395 348 711 459 527 60 358
1975 08 2 193 497 315 720 557 673 458
1975 09 2 100 445 169 656 118 628 898
1975 09 4 705 632 975 288 59 305 99
1975 10 2 722 590 273 839 218 171 732
1975 11 2 140 643 664 357 814 397 222
1975 11 4 499 597 763 940 918 444 95
1975 12 2 921 864 269 735 260 491 859
1976 01 2 642 131 800 902 621 660 375
1976 02 1 104 904 996 248 683 858 312
1976 02 2 988 113 226 609 772 602 801
1976 02 3 893 769 630 475 464 687 945
1976 03 2 236 230 964 8 831 765 497
1976 04 2 420 597 562 250 361 59 972
1976 04 4 955 298 502 464 698 888 970
1976 05 2 116 518 16 477 576 988 370
1976 06 2 496 473 774 72 461 145 832
1976 06 4 885 180 400 422 368 176 41
1976 07 2 334 91 611 794 235 443 411
1976 08 2 870 341 460 105 783 872 745
1976 09 2 257 749 334 39 620 80 855
1976 09 4 586 212 857 434 28 976 429
1976 10 2 975 480 827 595 559 682 583
1976 11 2 372 707 61 931 389 645 161
1976 11 4 542 424 229 816 370 556 646
1976 12 2 612 839 586 1 483 747 539
1977 01 2 202 504 799 684 250 338 489
1977 02 1 472 791 146 659 155 63 456
1977 02 2 566 256 40 816 594 529 278
1977 02 3 646 193 530 296 775 912 901
1977 02 4 233 835 187 139 25 392 22
1977 03 2 867 733 612 461 261 891 730
1977 04 2 633 373 551 894 263 281 799
1977 04 4 608 664 1 296 231 458 165
1977 05 2 63 933 801 325 214 600 669
1977 06 2 876 607 454 89 206 124 842
1977 06 4 993 54 633 193 305 80 460
1977 07 2 243 103 928 448 226 771 253
1977 08 2 573 411 807 798 181 61 17
1977 09 2 899 336 948 80 396 965 342
1977 09 4 913 273 95 598 843 381 961
1977 10 2 927 164 435 323 128 778 538
1977 11 2 846 153 932 973 930 470 479
1977 11 4 590 885 584 501 825 611 899
1977 12 2 967 924 866 897 394 345 191
1978 01 2 292 36 96 685 381 287 134
1978 02 1 77 960 780 308 328 950 506
1978 02 2 986 602 305 366 888 439 233
1978 02 3 546 751 967 533 367 408 283
1978 02 4 814 622 255 85 282 839 586
1978 03 2 774 49 666 662 488 900 650
1978 04 2 490 156 385 977 56 36 9
1978 04 4 335 439 647 108 948 758 678
1978 05 2 658 593 280 714 628 289 417
1978 06 2 403 433 565 31 721 982 310
1978 06 4 879 514 506 463 174 186 581
1978 07 2 641 485 428 362 467 738 945
1978 08 2 435 797 939 902 535 885 488
1978 09 2 434 121 931 968 5 420 506
1978 09 4 122 735 691 443 676 306 740
1978 10 2 252 506 48 257 925 555 962
1978 11 2 411 919 551 336 473 513 412
1978 11 4 992 930 927 828 67 889 612
1978 12 2 793 688 595 266 200 8 80
1979 01 2 114 242 207 314 250 288 263
1979 02 1 462 912 809 610 339 455 550
1979 02 2 697 757 766 946 44 29 357
1979 02 3 823 295 186 682 64 493 535
1979 02 4 781 450 766 664 637 388 84
1979 03 2 15 856 990 59 884 347 91
1979 04 2 331 569 146 215 916 237 920
1979 04 4 616 45 614 63 342 721 809
1979 05 2 215 840 214 130 76 135 686
1979 06 2 287 67 677 363 201 364 952
1979 06 4 486 108 370 97 97 990 243
1979 07 2 54 233 95 255 596 48 898
1979 08 2 514 905 559 110 952 457 15
1979 09 2 227 483 340 178 940 355 1
1979 09 4 37 570 85 841 677 795 276
1979 10 2 74 516 517 13 870 518 624
1979 11 2 717 494 645 586 12 269 541
1979 11 4 658 656 807 506 395 109 583
1979 12 2 33 912 112 45 181 653 801
1980 01 2 940 844 81 121 497 882 285
1980 02 1 884 692 658 887 720 390 923
1980 02 2 233 4 779 729 886 65 837
1980 02 3 88 528 567 40 350 628 577
1980 03 2 214 698 406 99 763 243 303
1980 04 2 413 313 286 176 556 590 25
1980 04 4 820 682 23 816 416 500 351
1980 05 2 656 709 451 211 298 476 535
1980 06 2 872 375 3 170 851 539 926
1980 06 4 469 932 594 708 571 953 209
1980 07 2 304 678 154 154 216 80 394
1980 08 2 384 723 799 599 802 193 332
1980 09 2 532 919 511 334 111 844 854
1980 09 4 454 445 473 636 167 265 291
1980 10 2 814 40 208 925 883 63 635
1980 11 2 278 218 279 161 280 915 123
1980 11 4 586 180 882 592 439 752 684
1980 12 2 593 572 71 873 486 194 7
1981 01 2 202 295 632 687 489 639 171
1981 02 1 267 39 555 433 669 780 190
1981 02 2 75 823 557 563 461 728 196
1981 02 3 263 885 332 372 939 995 232
1981 02 4 263 287 546 820 764 248 59
1981 03 2 477 382 32 937 110 228 619
1981 04 2 533 595 588 643 823 207 14
1981 04 4 115 337 23 201 424 80 571
1981 05 2 377 12 225 199 218 239 132
1981 06 2 636 37 247 854 276 380 227
1981 06 4 475 110 161 302 391 832 728
1981 07 2 647 688 43 923 67 271 193
1981 08 2 314 141 901 380 411 95 943
1981 09 2 233 425 546 644 520 489 29
1981 09 4 931 923 234 661 415 274 746
1981 10 2 123 63 711 642 552 740 450
1981 11 2 362 784 531 913 523 982 349
1981 11 4 653 257 967 582 689 861 10
1981 12 2 725 114 365 248 96 714 390
1982 01 2 336 907 250 431 620 640 975
1982 02 1 57 689 694 335 910 237 336
1982 02 2 143 586 676 763 225 652 19
1982 02 3 718 765 405 447 699 596 92
1982 02 4 987 346 896 588 67 946 189
1982 03 2 380 465 25 605 116 44 436
1982 04 2 569 489 143 684 533 580 516
1982 04 4 334 289 672 471 489 580 240
1982 05 2 727 786 912 259 365 429 598
1982 06 2 9 986 263 374 415 861 157
1982 06 4 267 206 621 799 838 888 275
1982 07 2 932 473 461 346 334 618 984
1982 08 2 383 155 509 716 773 493 354
1982 09 2 500 775 829 272 268 184 459
1982 09 4 904 267 846 418 856 965 459
1982 10 2 876 456 226 144 640 685 921
1982 11 2 40 131 914 679 816 835 389
1982 11 4 451 421 116 108 808 75 549
1982 12 2 293 446 807 109 281 196 390
1983 01 2 797 692 489 77 887 879 734
1983 02 1 25 766 950 112 116 836 491
1983 02 2 527 980 989 413 859 724 899
1983 02 3 100 497 272 611 91 14 677
1983 02 4 372 108 691 894 207 639 85
1983 03 2 815 420 810 673 143 710 708
1983 04 2 195 458 740 338 168 448 579
1983 04 4 547 44 445 969 389 521 794
1983 05 2 126 998 446 293 445 26 665
1983 06 2 369 16 384 814 41 50 685
1983 06 4 397 739 683 380 146 961 301
1983 07 2 739 698 968 779 748 653 276
1983 08 2 993 527 707 740 180 983 870
1983 09 2 39 919 150 219 902 20 27
1983 09 4 928 727 140 859 354 282 407
1983 10 2 861 381 131 763 400 158 838
1983 11 2 556 887 858 956 44 696 856
1983 11 4 997 872 379 715 481 940 836
1983 12 2 938 417 467 982 112 323 702
1984 01 2 562 788 88 674 111 790 695
1984 02 1 261 342 777 430 488 98 535
1984 02 2 885 624 723 995 414 419 904
1984 02 3 463 121 452 524 910 256 475
1984 03 2 789 642 134 202 60 38 370
1984 04 2 856 849 244 915 887 615 436
1984 04 4 833 677 576 877 844 34 303
1984 05 2 309 660 584 195 274 20 238
1984 06 2 2 855 507 275 874 746 984
1984 06 4 94 172 741 525 363 541 76
1984 07 2 881 905 622 755 650 606 128
1984 08 2 994 712 402 643 317 530 386
1984 09 2 694 549 29 11 79 415 139
1984 09 4 237 702 398 987 695 11 134
1984 10 2 625 124 712 703 539 851 315
1984 11 2 200 852 724 739 703 40 94
1984 11 4 607 811 776 564 216 169 835
1984 12 2 80 634 830 783 674 924 737
1985 01 2 108 145 519 781 68 257 658
1985 02 1 411 78 491 69 551 806 805
1985 02 2 950 325 439 18 581 97 977
1985 02 3 887 371 306 348 6 42 288
1985 02 4 459 926 495 393 907 8 658
1985 03 2 515 732 923 96 829 901 782
1985 04 2 178 569 687 6 470 470 721
1985 04 4 376 256 592 809 894 91 327
1985 05 2 640 328 110 109 797 831 848
1985 06 2 833 943 388 629 773 236 982
1985 06 4 39 95 374 877 419 520 689
1985 07 2 726 396 521 499 632 503 884
1985 08 2 889 939 434 520 442 318 250
1985 09 2 488 207 565 929 525 815 896
1985 09 4 720 542 514 853 744 693 454
1985 10 2 191 123 548 715 938 445 574
1985 11 2 355 494 561 292 938 136 936
1985 11 4 329 259 165 133 869 626 292
1985 12 2 829 361 845 766 497 781 876
1986 01 2 715 28 123 211 809 999 924
1986 02 1 670 595 949 199 949 133 554
1986 02 2 160 678 874 969 676 799 484
1986 02 3 236 437 376 290 901 622 217
1986 02 4 41 889 482 925 364 524 242
1986 03 2 464 603 452 140 402 936 309
1986 04 2 834 961 52 235 897 361 871
1986 04 4 648 965 375 965 478 805 399
1986 05 2 677 879 201 573 239 72 840
1986 06 2 58 444 125 297 516 966 579
1986 06 4 155 306 604 124 551 555 560
1986 07 2 664 263 446 179 228 26 564
1986 08 2 468 192 203 695 218 768 267
1986 09 2 861 311 747 79 78 15 534
1986 09 4 317 839 507 138 423 818 462
1986 10 2 651 581 993 728 596 527 336
1986 11 2 304 583 277 900 110 613 929
1986 11 4 996 578 285 907 815 611 14
1986 12 2 287 894 831 397 507 761 801
1987 01 2 285 229 648 791 989 449 141
1987 02 1 987 299 753 951 690 150 201
1987 02 2 378 849 766 367 297 907 543
1987 02 3 564 259 444 539 615 39 408
1987 02 4 553 989 715 2 715 239 287
1987 03 2 702 968 934 998 875 478 858
1987 04 2 133 911 994 7 389 852 443
1987 04 4 681 281 269 880 462 59 615
1987 05 2 983 785 882 371 636 326 493
1987 06 2 928 941 610 564 267 104 353
1987 06 4 294 369 663 352 230 756 908
1987 07 2 853 49 898 120 152 251 131
1987 08 2 491 442 106 643 692 237 863
1987 09 2 391 931 561 83 168 425 659
1987 09 4 74 736 132 461 219 114 653
1987 10 2 518 5 481 686 429 140 785
1987 11 2 477 171 957 906 311 742 599
1987 11 4 530 273 773 933 499 177 433
1987 12 2 938 324 315 249 66 915 125
1988 01 2 820 460 491 885 375 616 500
1988 02 1 464 348 33 769 844 178 10
1988 02 2 638 501 548 12 117 48 804
1988 02 3 753 46 209 363 28 455 150
1988 03 2 285 329 259 402 376 63 340
1988 04 2 798 658 49 173 720 390 300
1988 04 4 987 266 486 280 377 291 848
1988 05 2 128 928 974 848 317 274 675
1988 06 2 863 686 827 180 960 502 434
1988 06 4 368 165 789 325 536 100 149
1988 07 2 752 138 185 712 640 619 734
1988 08 2 180 334 842 820 953 577 597
1988 09 2 171 711 767 124 287 365 325
1988 09 4 752 382 306 295 428 303 838
1988 10 2 103 512 659 390 876 985 506
1988 11 2 566 380 38 441 364 545 452
1988 11 4 740 975 481 225 268 110 738
1988 12 2 375 492 110 739 36 563 247
1989 01 2 219 116 580 254 678 827 239
1989 02 1 61 63 659 527 789 665 366
1989 02 2 780 947 262 457 773 501 886
1989 02 3 86 293 759 535 315 215 822
1989 02 4 118 218 756 206 808 546 526
1989 03 2 708 665 87 480 165 973 3
1989 04 2 384 579 843 549 552 847 798
1989 04 4 179 983 646 492 810 146 411
1989 05 2 756 902 380 307 748 178 123
1989 06 2 450 399 163 198 577 287 554
1989 06 4 862 449 152 617 462 392 410
1989 07 2 811 436 95 387 723 650 723
1989 08 2 992 491 231 714 140 954 243
1989 09 2 670 179 686 810 133 930 97
1989 09 4 760 481 234 997 931 378 282
1989 10 2 233 443 726 366 372 824 462
1989 11 2 65 451 312 436 275 775 247
1989 11 4 40 449 445 320 945 999 401
1989 12 2 491 631 390 765 405 638 522
1990 01 2 351 391 728 756 28 251 720
1990 02 1 750 935 129 223 655 130 185
1990 02 2 520 914 761 548 164 481 341
1990 02 3 185 172 781 107 930 324 694
1990 02 4 357 895 565 280 213 98 360
1990 03 2 284 453 686 448 934 27 854
1990 04 2 718 887 274 651 913 128 767
1990 04 4 182 631 749 33 587 737 916
1990 05 2 181 551 121 94 679 889 204
1990 06 2 189 833 109 867 722 313 307
1990 06 4 165 762 906 163 764 350 70
1990 07 2 42 845 124 763 158 431 362
1990 08 2 502 930 503 659 360 866 570
1990 09 2 896 467 79 255 332 650 512
1990 09 4 390 427 187 516 463 530 124
1990 10 2 644 210 399 976 860 911 924
1990 11 2 55 564 973 914 475 898 530
1990 11 4 343 725 798 553 215 761 554
1990 12 2 739 260 79 213 158 609 930
1991 01 2 307 832 129 464 440 60 665
1991 02 1 229 945 957 407 991 710 322
1991 02 2 541 452 761 981 511 427 258
1991 02 3 800 689 588 240 96 612 468
1991 02 4 292 702 991 183 928 176 550
1991 03 2 336 168 738 847 594 997 514
1991 04 2 28 956 516 622 952 30 15
1991 04 4 522 38 282 745 775 169 87
1991 05 2 653 135 50 604 165 65 240
1991 06 2 785 903 257 950 968 497 246
1991 06 4 448 337 220 911 822 45 990
1991 07 2 29 259 406 997 756 652 675
1991 08 2 59 874 561 814 526 237 722
1991 09 2 784 17 906 309 253 629 874
1991 09 4 544 924 563 634 871 998 64
1991 10 2 589 262 510 842 890 385 148
1991 11 2 193 130 287 83 515 435 517
1991 11 4 305 386 704 383 879 870 692
1991 12 2 48 740 471 562 175 988 325
1992 01 2 923 955 177 97 943 503 183
1992 02 1 716 421 917 283 604 401 897
1992 02 2 356 75 622 298 578 806 776
1992 02 3 241 487 898 886 191 244 124
1992 03 2 874 425 244 451 231 21 561
1992 04 2 288 927 863 518 947 424 989
1992 04 4 290 507 367 396 466 206 177
1992 05 2 962 757 905 909 180 894 360
1992 06 2 862 437 310 42 331 670 103
1992 06 4 427 1 633 212 811 686 939
1992 07 2 974 240 160 304 910 263 873
1992 08 2 531 621 71 441 883 945 529
1992 09 2 41 449 811 924 394 340 820
1992 09 4 849 639 468 377 200 654 991
1992 10 2 456 220 335 849 560 156 695
1992 11 2 713 893 188 272 48 884 916
1992 11 4 670 141 635 514 967 883 556
1992 12 2 340 169 118 388 52 35 539
1993 01 2 856 256 360 908 291 899 196
1993 02 1 394 972 360 26 659 498 997
1993 02 2 754 357 421 45 256 618 347
1993 02 3 953 37 430 732 513 855 94
1993 02 4 243 10 615 150 219 882 216
1993 03 2 992 446 872 247 64 220 699
1993 04 2 512 939 194 575 159 894 590
1993 04 4 158 607 99 834 199 781 362
1993 05 2 613 197 555 771 90 146 184
1993 06 2 928 486 182 18 631 366 128
1993 06 4 259 66 700 830 148 218 502
1993 07 2 1 732 906 631 98 34 744
1993 08 2 101 562 209 199 596 954 27
1993 09 2 152 415 785 748 368 813 621
1993 09 4 788 246 436 147 232 734 312
1993 10 2 530 709 736 898 521 358 738
1993 11 2 60 101 687 581 458 426 230
1993 11 4 19 327 116 260 620 350 351
1993 12 2 999 228 771 457 653 1 637
1994 01 2 49 86 967 702 87 605 818
1994 02 1 335 556 72 846 377 387 356
1994 02 2 472 323 127 559 928 946 610
1994 02 3 393 71 875 814 100 747 536
1994 02 4 483 179 561 435 901 836 381
1994 03 2 760 320 870 687 265 480 294
1994 04 2 530 688 284 795 167 578 451
1994 04 4 852 893 203 710 107 523 959
1994 05 2 785 641 511 952 219 962 668
1994 06 2 338 775 574 556 737 242 520
1994 06 4 497 286 96 151 672 555 729
1994 07 2 621 326 659 358 568 179 978
1994 08 2 721 748 246 288 927 224 132
1994 09 2 312 562 415 238 785 547 489
1994 09 4 632 638 370 897 380 739 383
1994 10 2 849 698 970 634 245 460 54
1994 11 2 742 301 577 986 760 632 896
1994 11 4 208 912 928 61 233 764 664
1994 12 2 643 185 197 403 817 94 520
1995 01 2 607 198 196 423 292 716 759
1995 02 1 405 322 952 554 743 953 346
1995 02 2 150 542 771 442 257 531 267
1995 02 3 558 348 387 825 314 102 242
1995 02 4 48 45 454 889 642 962 50
1995 03 2 488 145 546 745 675 813 584
1995 04 2 810 666 812 484 479 397 716
1995 04 4 702 571 400 685 632 431 951
1995 05 2 496 520 201 974 916 917 611
1995 06 2 939 808 190 855 724 802 137
1995 06 4 924 818 487 929 558 667 997
1995 07 2 843 680 921 567 481 59 979
1995 08 2 219 173 750 700 231 730 704
1995 09 2 187 165 325 418 894 30 567
1995 09 4 136 348 941 652 935 761 226
1995 10 2 636 987 607 530 16 175 305
1995 11 2 927 240 380 943 415 686 623
1995 11 4 155 392 932 768 844 618 9
1995 12 2 602 806 96 16 492 719 387
1996 01 2 219 775 630 710 493 17 354
1996 02 1 995 585 946 7 997 625 620
1996 02 2 400 250 925 893 267 280 668
1996 02 3 871 875 936 864 581 44 649
1996 03 2 288 225 558 555 504 226 615
1996 04 2 504 845 84 7 71 699 380
1996 04 4 554 613 840 360 330 625 254
1996 05 2 442 682 23 513 381 404 684
1996 06 2 634 740 552 14 143 236 642
1996 06 4 515 596 856 970 550 546 253
1996 07 2 895 732 205 38 967 848 202
1996 08 2 992 878 601 958 725 803 695
1996 09 2 699 725 290 424 528 985 110
1996 09 4 294 429 484 39 808 483 705
1996 10 2 113 523 798 640 508 908 862
1996 11 2 209 967 99 716 875 962 196
1996 11 4 853 625 778 842 888 474 392
1996 12 2 937 338 455 812 299 651 531
1997 01 2 901 855 271 200 505 803 820
1997 02 1 140 533 871 663 95 271 122
1997 02 2 125 394 194 630 196 14 617
1997 02 3 4 684 703 228 607 606 312
1997 02 4 400 146 833 479 732 42 687
1997 03 2 50 858 582 245 872 200 95
1997 04 2 293 889 648 165 88 743 38
1997 04 4 599 26 409 126 995 572 227
1997 05 2 72 671 890 160 413 929 129
1997 06 2 307 700 469 719 628 599 670
1997 06 4 220 611 531 945 263 712 936
1997 07 2 506 786 211 134 384 882 830
1997 08 2 644 762 872 27 644 703 596
1997 09 2 471 164 689 114 866 286 204
1997 09 4 225 450 617 452 344 237 551
1997 10 2 673 767 4 538 52 208 259
1997 11 2 408 628 806 459 836 65 848
1997 11 4 768 159 743 519 765 610 666
1997 12 2 67 363 737 902 428 585 891
1998 01 2 335 569 385 763 154 276 313
1998 02 1 61 428 765 476 401 597 958
1998 02 2 166 343 498 319 618 812 329
1998 02 3 179 881 161 703 512 450 543
1998 02 4 525 466 852 53 549 864 262
1998 03 2 386 926 108 3 737 437 142
1998 04 2 847 141 301 584 577 443 499
1998 04 4 166 108 81 676 701 866 477
1998 05 2 739 246 324 316 689 823 209
1998 06 2 644 701 55 333 523 265 766
1998 06 4 9 567 744 79 340 583 884
1998 07 2 798 783 711 321 48 478 783
1998 08 2 625 402 99 673 880 882 918
1998 09 2 475 701 532 354 583 450 410
1998 09 4 688 779 678 180 741 957 247
1998 10 2 711 975 529 293 424 940 221
1998 11 2 15 354 446 438 293 667 128
1998 11 4 524 600 130 187 918 152 199
1998 12 2 693 622 288 986 289 416 271
1999 01 2 857 558 801 145 974 73 866
1999 02 1 52 950 800 174 185 70 988
1999 02 2 627 789 186 601 862 52 60
1999 02 3 277 1000 8 387 109 424 983
1999 02 4 430 983 375 224 251 267 602
1999 03 2 253 628 698 114 680 758 107
1999 04 2 713 462 166 392 220 273 347
1999 04 4 986 87 884 11 880 745 251
1999 05 2 967 97 83 186 370 430 161
1999 06 2 74 127 19 444 557 181 200
1999 06 4 614 864 676 702 344 296 868
1999 07 2 242 376 410 798 556 611 474
1999 08 2 976 924 945 531 534 420 271
1999 09 2 685 396 972 219 815 244 247
1999 09 4 518 674 61 562 281 684 260
1999 10 2 831 426 170 646 669 417 165
1999 11 2 308 394 557 976 811 722 318
1999 11 4 737 744 276 604 242 939 19
1999 12 2 137 134 614 948 856 932 410
2000 01 2 552 782 433 407 714 843 930
2000 02 1 269 932 418 618 350 587 102
2000 02 2 368 535 309 82 378 239 288
2000 02 3 520 581 134 657 249 336 392
2000 03 2 156 64 299 534 303 588 592
