# Des Prairies flows
Units: 10m3s
Interval: Weekly
1922 10 06    29
1922 10 13    53
1922 10 20    58
1922 10 27    60
1922 11 03    59
1922 11 10    57
1922 11 17    57
1922 11 24    56
1922 12 01    57
1922 12 08    52
1922 12 15    55
1922 12 22    55
1922 12 29    55
1923 01 05    56
1923 01 12    56
1923 01 19    56
1923 01 26    56
1923 02 02    55
1923 02 09    54
1923 02 16    54
1923 02 23    54
1923 03 02    53
1923 03 09    52
1923 03 16    52
1923 03 23    52
1923 03 30    52
1923 04 06    87
1923 04 13    93
1923 04 20   100
1923 04 27   134
1923 05 04   198
1923 05 11   237
1923 05 18   245
1923 05 25   238
1923 06 01   225
1923 06 08   183
1923 06 15   177
1923 06 22   141
1923 06 29   123
1923 07 06   118
1923 07 13   109
1923 07 20    97
1923 07 27    86
1923 08 03    78
1923 08 10    73
1923 08 17    69
1923 08 24    69
1923 08 31    73
1923 09 07    73
1923 09 14    75
1923 09 21    79
1923 09 28    77
1923 10 05    71
1923 10 12    64
1923 10 19    57
1923 10 26    61
1923 11 02    68
1923 11 09    69
1923 11 16    69
1923 11 23    65
1923 11 30    64
1923 12 07    84
1923 12 14    90
1923 12 21    88
1923 12 28    87
1924 01 04    80
1924 01 11    74
1924 01 18    74
1924 01 25    74
1924 02 01    74
1924 02 08    72
1924 02 15    72
1924 02 22    72
1924 02 29    72
1924 03 07    78
1924 03 14    78
1924 03 21    78
1924 03 28    78
1924 04 04   112
1924 04 11   137
1924 04 18   149
1924 04 25   170
1924 05 02   193
1924 05 09   217
1924 05 16   224
1924 05 23   242
1924 05 30   235
1924 06 06   207
1924 06 13   181
1924 06 20   159
1924 06 27   147
1924 07 04   129
1924 07 11   113
1924 07 18   104
1924 07 25   102
1924 08 01    96
1924 08 08    88
1924 08 15    86
1924 08 22    81
1924 08 29    76
1924 09 05    72
1924 09 12    70
1924 09 19    79
1924 09 26    84
1924 10 03    95
1924 10 10   107
1924 10 17    93
1924 10 24    83
1924 10 31    73
1924 11 07    69
1924 11 14    70
1924 11 21    80
1924 11 28    93
1924 12 05    94
1924 12 12    84
1924 12 19    78
1924 12 26    78
1925 01 02    75
1925 01 09    67
1925 01 16    67
1925 01 23    67
1925 01 30    67
1925 02 06    71
1925 02 13    72
1925 02 20    72
1925 02 27    72
1925 03 06    95
1925 03 13    99
1925 03 20    99
1925 03 27    99
1925 04 03   136
1925 04 10   185
1925 04 17   185
1925 04 24   181
1925 05 01   174
1925 05 08   193
1925 05 15   187
1925 05 22   166
1925 05 29   151
1925 06 05   150
1925 06 12   157
1925 06 19   162
1925 06 26   157
1925 07 03   146
1925 07 10   137
1925 07 17   122
1925 07 24   115
1925 07 31   121
1925 08 07   118
1925 08 14   102
1925 08 21    96
1925 08 28    87
1925 09 04    75
1925 09 11    66
1925 09 18    64
1925 09 25    65
1925 10 02    67
1925 10 09    69
1925 10 16    66
1925 10 23    64
1925 10 30    74
1925 11 06    70
1925 11 13    79
1925 11 20   105
1925 11 27   108
1925 12 04   105
1925 12 11    98
1925 12 18    84
1925 12 25    80
1926 01 01    78
1926 01 08    64
1926 01 15    64
1926 01 22    64
1926 01 29    64
1926 02 05    62
1926 02 12    61
1926 02 19    61
1926 02 26    61
1926 03 05    60
1926 03 12    60
1926 03 19    60
1926 03 26    60
1926 04 02    71
1926 04 09    98
1926 04 16    98
1926 04 23    98
1926 04 30    98
1926 05 07   186
1926 05 14   203
1926 05 21   210
1926 05 28   212
1926 06 04   206
1926 06 11   194
1926 06 18   176
1926 06 25   157
1926 07 02   132
1926 07 09   120
1926 07 16   128
1926 07 23   140
1926 07 30   126
1926 08 06   109
1926 08 13    97
1926 08 20    87
1926 08 27    81
1926 09 03    74
1926 09 10    69
1926 09 17    68
1926 09 24    70
1926 10 01    73
1926 10 08    71
1926 10 15    64
1926 10 22    61
1926 10 29    81
1926 11 05    90
1926 11 12    99
1926 11 19   125
1926 11 26   146
1926 12 03   130
1926 12 10   100
1926 12 17   100
1926 12 24   100
1926 12 31   100
1927 01 07    63
1927 01 14    63
1927 01 21    63
1927 01 28    63
1927 02 04    59
1927 02 11    56
1927 02 18    56
1927 02 25    56
1927 03 04    83
1927 03 11   103
1927 03 18   103
1927 03 25   103
1927 04 01   107
1927 04 08   134
1927 04 15   122
1927 04 22   121
1927 04 29   149
1927 05 06   150
1927 05 13   140
1927 05 20   143
1927 05 27   148
1927 06 03   152
1927 06 10   156
1927 06 17   154
1927 06 24   149
1927 07 01   139
1927 07 08   136
1927 07 15   134
1927 07 22   121
1927 07 29   136
1927 08 05   142
1927 08 12   131
1927 08 19   114
1927 08 26   105
1927 09 02    98
1927 09 09    92
1927 09 16    84
1927 09 23    81
1927 09 30    79
1927 10 07    85
1927 10 14    83
1927 10 21    92
1927 10 28    95
1927 11 04    95
1927 11 11    97
1927 11 18   126
1927 11 25   162
1927 12 02   164
1927 12 09   149
1927 12 16   110
1927 12 23   103
1927 12 30   103
1928 01 06    82
1928 01 13    79
1928 01 20    79
1928 01 27    79
1928 02 03    78
1928 02 10    77
1928 02 17    77
1928 02 24    77
1928 03 02    80
1928 03 09    88
1928 03 16    88
1928 03 23    88
1928 03 30    88
1928 04 06   138
1928 04 13   221
1928 04 20   235
1928 04 27   218
1928 05 04   225
1928 05 11   262
1928 05 18   297
1928 05 25   294
1928 06 01   276
1928 06 08   250
1928 06 15   214
1928 06 22   165
1928 06 29   146
1928 07 06   146
1928 07 13   143
1928 07 20   141
1928 07 27   140
1928 08 03   132
1928 08 10   123
1928 08 17   120
1928 08 24   108
1928 08 31   101
1928 09 07    97
1928 09 14   104
1928 09 21   127
1928 09 28   127
1928 10 05   127
1928 10 12   130
1928 10 19   161
1928 10 26   196
1928 11 02   211
1928 11 09   200
1928 11 16   166
1928 11 23   159
1928 11 30   163
1928 12 07   138
1928 12 14   130
1928 12 21   124
1928 12 28   120
1929 01 04   114
1929 01 11   108
1929 01 18   104
1929 01 25   104
1929 02 01   104
1929 02 08    87
1929 02 15    83
1929 02 22    78
1929 03 01    75
1929 03 08    75
1929 03 15   121
1929 03 22   140
1929 03 29   140
1929 04 05   163
1929 04 12   197
1929 04 19   221
1929 04 26   222
1929 05 03   237
1929 05 10   267
1929 05 17   277
1929 05 24   266
1929 05 31   234
1929 06 07   197
1929 06 14   172
1929 06 21   153
1929 06 28   145
1929 07 05   135
1929 07 12   130
1929 07 19   135
1929 07 26   128
1929 08 02   106
1929 08 09    93
1929 08 16    93
1929 08 23    87
1929 08 30    85
1929 09 06    79
1929 09 13    76
1929 09 20    76
1929 09 27    76
1929 10 04    76
1929 10 11    76
1929 10 18    74
1929 10 25    73
1929 11 01    78
1929 11 08    96
1929 11 15    94
1929 11 22    93
1929 11 29    79
1929 12 06    71
1929 12 13    70
1929 12 20    70
1929 12 27    70
1930 01 03    72
1930 01 10    79
1930 01 17    86
1930 01 24    82
1930 01 31    76
1930 02 07    74
1930 02 14    74
1930 02 21    81
1930 02 28    82
1930 03 07    84
1930 03 14    92
1930 03 21    95
1930 03 28    92
1930 04 04   108
1930 04 11   122
1930 04 18   127
1930 04 25   132
1930 05 02   138
1930 05 09   146
1930 05 16   152
1930 05 23   153
1930 05 30   149
1930 06 06   140
1930 06 13   137
1930 06 20   146
1930 06 27   156
1930 07 04   162
1930 07 11   165
1930 07 18   157
1930 07 25   138
1930 08 01   120
1930 08 08   109
1930 08 15    96
1930 08 22    99
1930 08 29    88
1930 09 05    81
1930 09 12    78
1930 09 19    79
1930 09 26    82
1930 10 03    85
1930 10 10    83
1930 10 17    79
1930 10 24    77
1930 10 31    73
1930 11 07    73
1930 11 14    70
1930 11 21    71
1930 11 28    74
1930 12 05    67
1930 12 12    62
1930 12 19    60
1930 12 26    60
1931 01 02    61
1931 01 09    59
1931 01 16    62
1931 01 23    62
1931 01 30    61
1931 02 06    63
1931 02 13    62
1931 02 20    62
1931 02 27    62
1931 03 06    60
1931 03 13    60
1931 03 20    65
1931 03 27    75
1931 04 03    89
1931 04 10   100
1931 04 17   101
1931 04 24   111
1931 05 01   130
1931 05 08   135
1931 05 15   121
1931 05 22   110
1931 05 29   106
1931 06 05   102
1931 06 12   107
1931 06 19   104
1931 06 26    94
1931 07 03    83
1931 07 10    78
1931 07 17    76
1931 07 24    76
1931 07 31    73
1931 08 07    69
1931 08 14    65
1931 08 21    73
1931 08 28    72
1931 09 04    67
1931 09 11    62
1931 09 18    59
1931 09 25    59
1931 10 02    61
1931 10 09    62
1931 10 16    60
1931 10 23    61
1931 10 30    63
1931 11 06    64
1931 11 13    64
1931 11 20    68
1931 11 27    72
1931 12 04    76
1931 12 11    80
1931 12 18    83
1931 12 25    82
1932 01 01    80
1932 01 08    76
1932 01 15    86
1932 01 22   107
1932 01 29    93
1932 02 05    86
1932 02 12    88
1932 02 19    92
1932 02 26    87
1932 03 04    86
1932 03 11    85
1932 03 18    82
1932 03 25    82
1932 04 01    88
1932 04 08   123
1932 04 15   195
1932 04 22   184
1932 04 29   178
1932 05 06   166
1932 05 13   154
1932 05 20   137
1932 05 27   126
1932 06 03   121
1932 06 10   117
1932 06 17   106
1932 06 24    97
1932 07 01    86
1932 07 08    85
1932 07 15    95
1932 07 22   100
1932 07 29    93
1932 08 05    89
1932 08 12    86
1932 08 19    85
1932 08 26    93
1932 09 02   109
1932 09 09   124
1932 09 16   143
1932 09 23   130
1932 09 30   118
1932 10 07   118
1932 10 14   135
1932 10 21   158
1932 10 28   169
1932 11 04   180
1932 11 11   187
1932 11 18   183
1932 11 25   171
1932 12 02   148
1932 12 09   127
1932 12 16   128
1932 12 23   119
1932 12 30   112
1933 01 06   109
1933 01 13   102
1933 01 20    96
1933 01 27    94
1933 02 03    91
1933 02 10    89
1933 02 17    88
1933 02 24    85
1933 03 03    83
1933 03 10    81
1933 03 17    81
1933 03 24    81
1933 03 31    81
1933 04 07   168
1933 04 14   168
1933 04 21   229
1933 04 28   246
1933 05 05   241
1933 05 12   238
1933 05 19   214
1933 05 26   186
1933 06 02   166
1933 06 09   148
1933 06 16   129
1933 06 23   120
1933 06 30   108
1933 07 07    95
1933 07 14    91
1933 07 21    85
1933 07 28    82
1933 08 04    80
1933 08 11    81
1933 08 18    81
1933 08 25    79
1933 09 01    79
1933 09 08    70
1933 09 15    67
1933 09 22    62
1933 09 29    60
1933 10 06    59
1933 10 13    60
1933 10 20    61
1933 10 27    61
1933 11 03    61
1933 11 10    62
1933 11 17    64
1933 11 24    66
1933 12 01    64
1933 12 08    62
1933 12 15    58
1933 12 22    58
1933 12 29    58
1934 01 05    55
1934 01 12    53
1934 01 19    53
1934 01 26    53
1934 02 02    58
1934 02 09    70
1934 02 16    63
1934 02 23    58
1934 03 02    56
1934 03 09    59
1934 03 16    60
1934 03 23    62
1934 03 30    66
1934 04 06   143
1934 04 13   156
1934 04 20   200
1934 04 27   211
1934 05 04   208
1934 05 11   227
1934 05 18   239
1934 05 25   217
1934 06 01   191
1934 06 08   161
1934 06 15   128
1934 06 22   133
1934 06 29   136
1934 07 06   126
1934 07 13   113
1934 07 20    99
1934 07 27    88
1934 08 03    79
1934 08 10    73
1934 08 17    69
1934 08 24    70
1934 08 31    69
1934 09 07    65
1934 09 14    68
1934 09 21    70
1934 09 28    73
1934 10 05    76
1934 10 12    79
1934 10 19    80
1934 10 26    80
1934 11 02    80
1934 11 09    78
1934 11 16    76
1934 11 23    78
1934 11 30    82
1934 12 07    94
1934 12 14    88
1934 12 21    71
1934 12 28    68
1935 01 04    62
1935 01 11    57
1935 01 18    56
1935 01 25    54
1935 02 01    55
1935 02 08    57
1935 02 15    57
1935 02 22    59
1935 03 01    60
1935 03 08    62
1935 03 15    66
1935 03 22    82
1935 03 29   104
1935 04 05   117
1935 04 12   126
1935 04 19   147
1935 04 26   156
1935 05 03   157
1935 05 10   160
1935 05 17   146
1935 05 24   119
1935 05 31    98
1935 06 07    84
1935 06 14    86
1935 06 21   104
1935 06 28   128
1935 07 05   124
1935 07 12   112
1935 07 19   105
1935 07 26   101
1935 08 02    95
1935 08 09    90
1935 08 16    87
1935 08 23    84
1935 08 30    79
1935 09 06    76
1935 09 13    76
1935 09 20    75
1935 09 27    75
1935 10 04    75
1935 10 11    74
1935 10 18    74
1935 10 25    74
1935 11 01    75
1935 11 08    79
1935 11 15    86
1935 11 22    88
1935 11 29    87
1935 12 06    79
1935 12 13    76
1935 12 20    71
1935 12 27    65
1936 01 03    63
1936 01 10    67
1936 01 17    65
1936 01 24    61
1936 01 31    56
1936 02 07    57
1936 02 14    63
1936 02 21    69
1936 02 28    76
1936 03 06    74
1936 03 13    84
1936 03 20   113
1936 03 27   151
1936 04 03   169
1936 04 10   165
1936 04 17   164
1936 04 24   179
1936 05 01   177
1936 05 08   202
1936 05 15   272
1936 05 22   294
1936 05 29   252
1936 06 05   217
1936 06 12   196
1936 06 19   174
1936 06 26   149
1936 07 03   123
1936 07 10   108
1936 07 17    96
1936 07 24    88
1936 07 31    82
1936 08 07    79
1936 08 14    75
1936 08 21    75
1936 08 28    74
1936 09 04    72
1936 09 11    72
1936 09 18    75
1936 09 25    76
1936 10 02    76
1936 10 09    76
1936 10 16    82
1936 10 23    98
1936 10 30   108
1936 11 06   116
1936 11 13   120
1936 11 20   111
1936 11 27    95
1936 12 04    80
1936 12 11    74
1936 12 18    72
1936 12 25    73
1937 01 01    78
1937 01 08   100
1937 01 15   109
1937 01 22   108
1937 01 29   100
1937 02 05    83
1937 02 12    79
1937 02 19    86
1937 02 26   108
1937 03 05   110
1937 03 12   107
1937 03 19   105
1937 03 26   102
1937 04 02   111
1937 04 09   138
1937 04 16   141
1937 04 23   158
1937 04 30   190
1937 05 07   220
1937 05 14   216
1937 05 21   185
1937 05 28   161
1937 06 04   144
1937 06 11   130
1937 06 18   112
1937 06 25   101
1937 07 02    90
1937 07 09    84
1937 07 16    82
1937 07 23    81
1937 07 30    76
1937 08 06    74
1937 08 13    76
1937 08 20    74
1937 08 27    73
1937 09 03    71
1937 09 10    67
1937 09 17    64
1937 09 24    68
1937 10 01    73
1937 10 08    78
1937 10 15    75
1937 10 22    75
1937 10 29    92
1937 11 05    99
1937 11 12   112
1937 11 19   141
1937 11 26   148
1937 12 03   130
1937 12 10   115
1937 12 17    98
1937 12 24    93
1937 12 31    87
1938 01 07    71
1938 01 14    69
1938 01 21    69
1938 01 28    72
1938 02 04    77
1938 02 11    81
1938 02 18    82
1938 02 25    82
1938 03 04    81
1938 03 11    85
1938 03 18    94
1938 03 25   127
1938 04 01   203
1938 04 08   202
1938 04 15   187
1938 04 22   216
1938 04 29   248
1938 05 06   237
1938 05 13   215
1938 05 20   178
1938 05 27   161
1938 06 03   153
1938 06 10   141
1938 06 17   119
1938 06 24   104
1938 07 01    89
1938 07 08    79
1938 07 15    78
1938 07 22    74
1938 07 29    74
1938 08 05    72
1938 08 12    72
1938 08 19    70
1938 08 26    68
1938 09 02    67
1938 09 09    67
1938 09 16    68
1938 09 23    71
1938 09 30    80
1938 10 07    81
1938 10 14    80
1938 10 21    79
1938 10 28    77
1938 11 04    77
1938 11 11    76
1938 11 18    75
1938 11 25    74
1938 12 02    74
1938 12 09    77
1938 12 16    77
1938 12 23    67
1938 12 30    66
1939 01 06    63
1939 01 13    68
1939 01 20    71
1939 01 27    69
1939 02 03    65
1939 02 10    61
1939 02 17    61
1939 02 24    61
1939 03 03    64
1939 03 10    68
1939 03 17    67
1939 03 24    66
1939 03 31    65
1939 04 07    72
1939 04 14   101
1939 04 21   117
1939 04 28   185
1939 05 05   226
1939 05 12   243
1939 05 19   241
1939 05 26   212
1939 06 02   180
1939 06 09   169
1939 06 16   161
1939 06 23   141
1939 06 30   136
1939 07 07   135
1939 07 14   114
1939 07 21   114
1939 07 28   106
1939 08 04    99
1939 08 11    96
1939 08 18   108
1939 08 25   118
1939 09 01   100
1939 09 08    81
1939 09 15    77
1939 09 22    74
1939 09 29    68
1939 10 06    71
1939 10 13    78
1939 10 20    81
1939 10 27    82
1939 11 03    85
1939 11 10    91
1939 11 17    92
1939 11 24    86
1939 12 01    86
1939 12 08    81
1939 12 15    64
1939 12 22    64
1939 12 29    64
1940 01 05    61
1940 01 12    60
1940 01 19    60
1940 01 26    60
1940 02 02    60
1940 02 09    61
1940 02 16    61
1940 02 23    61
1940 03 01    61
1940 03 08    62
1940 03 15    62
1940 03 22    62
1940 03 29    62
1940 04 05   104
1940 04 12   121
1940 04 19   121
1940 04 26   121
1940 05 03   150
1940 05 10   186
1940 05 17   169
1940 05 24   148
1940 05 31   159
1940 06 07   203
1940 06 14   186
1940 06 21   173
1940 06 28   158
1940 07 05   156
1940 07 12   148
1940 07 19   122
1940 07 26   101
1940 08 02    91
1940 08 09    86
1940 08 16    77
1940 08 23    72
1940 08 30    72
1940 09 06    75
1940 09 13    77
1940 09 20    79
1940 09 27    82
1940 10 04    77
1940 10 11    72
1940 10 18    68
1940 10 25    65
1940 11 01    64
1940 11 08    68
1940 11 15    68
1940 11 22    81
1940 11 29    83
1940 12 06    80
1940 12 13    80
1940 12 20    80
1940 12 27    80
1941 01 03    75
1941 01 10    70
1941 01 17    70
1941 01 24    70
1941 01 31    70
1941 02 07    66
1941 02 14    66
1941 02 21    66
1941 02 28    66
1941 03 07    72
1941 03 14    72
1941 03 21    72
1941 03 28    72
1941 04 04    96
1941 04 11   117
1941 04 18   147
1941 04 25   197
1941 05 02   230
1941 05 09   191
1941 05 16   126
1941 05 23   120
1941 05 30   118
1941 06 06   111
1941 06 13    97
1941 06 20    83
1941 06 27    80
1941 07 04    78
1941 07 11    81
1941 07 18    87
1941 07 25    87
1941 08 01    91
1941 08 08    95
1941 08 15    76
1941 08 22    78
1941 08 29    78
1941 09 05    77
1941 09 12    80
1941 09 19    83
1941 09 26    82
1941 10 03    82
1941 10 10    87
1941 10 17   104
1941 10 24   119
1941 10 31   110
1941 11 07   112
1941 11 14   141
1941 11 21   142
1941 11 28   133
1941 12 05   118
1941 12 12   113
1941 12 19   113
1941 12 26   113
1942 01 02   105
1942 01 09    86
1942 01 16    86
1942 01 23    86
1942 01 30    86
1942 02 06    82
1942 02 13    82
1942 02 20    82
1942 02 27    82
1942 03 06   103
1942 03 13   106
1942 03 20   106
1942 03 27   106
1942 04 03   122
1942 04 10   148
1942 04 17   167
1942 04 24   195
1942 05 01   218
1942 05 08   205
1942 05 15   160
1942 05 22   137
1942 05 29   166
1942 06 05   168
1942 06 12   150
1942 06 19   135
1942 06 26   126
1942 07 03   110
1942 07 10    96
1942 07 17    85
1942 07 24    82
1942 07 31    81
1942 08 07    78
1942 08 14    78
1942 08 21    78
1942 08 28    73
1942 09 04    70
1942 09 11    68
1942 09 18    69
1942 09 25    71
1942 10 02    73
1942 10 09    74
1942 10 16    68
1942 10 23    65
1942 10 30    64
1942 11 06    73
1942 11 13    81
1942 11 20    83
1942 11 27    81
1942 12 04    74
1942 12 11    67
1942 12 18    59
1942 12 25    55
1943 01 01    59
1943 01 08    53
1943 01 15    60
1943 01 22    55
1943 01 29    58
1943 02 05    63
1943 02 12    66
1943 02 19    67
1943 02 26    69
1943 03 05    72
1943 03 12    73
1943 03 19    75
1943 03 26    83
1943 04 02    99
1943 04 09   118
1943 04 16   122
1943 04 23   128
1943 04 30   182
1943 05 07   232
1943 05 14   269
1943 05 21   257
1943 05 28   216
1943 06 04   190
1943 06 11   177
1943 06 18   181
1943 06 25   189
1943 07 02   167
1943 07 09   146
1943 07 16   128
1943 07 23   100
1943 07 30    85
1943 08 06    88
1943 08 13    85
1943 08 20    85
1943 08 27    85
1943 09 03    83
1943 09 10    83
1943 09 17    88
1943 09 24    91
1943 10 01    92
1943 10 08    85
1943 10 15    77
1943 10 22    78
1943 10 29    81
1943 11 05    85
1943 11 12    95
1943 11 19    96
1943 11 26    90
1943 12 03    83
1943 12 10    77
1943 12 17    76
1943 12 24    80
1943 12 31    74
1944 01 07    75
1944 01 14    72
1944 01 21    74
1944 01 28    74
1944 02 04    75
1944 02 11    75
1944 02 18    78
1944 02 25    76
1944 03 03    74
1944 03 10    74
1944 03 17    77
1944 03 24    80
1944 03 31    90
1944 04 07    89
1944 04 14    90
1944 04 21    96
1944 04 28   127
1944 05 05   148
1944 05 12   158
1944 05 19   145
1944 05 26   123
1944 06 02   106
1944 06 09    91
1944 06 16    91
1944 06 23    90
1944 06 30    85
1944 07 07    79
1944 07 14    76
1944 07 21    76
1944 07 28    75
1944 08 04    73
1944 08 11    71
1944 08 18    68
1944 08 25    67
1944 09 01    66
1944 09 08    66
1944 09 15    67
1944 09 22    69
1944 09 29    68
1944 10 06    72
1944 10 13    69
1944 10 20    73
1944 10 27    74
1944 11 03    72
1944 11 10    72
1944 11 17    71
1944 11 24    71
1944 12 01    71
1944 12 08    68
1944 12 15    68
1944 12 22    66
1944 12 29    60
1945 01 05    58
1945 01 12    57
1945 01 19    56
1945 01 26    54
1945 02 02    51
1945 02 09    53
1945 02 16    55
1945 02 23    57
1945 03 02    60
1945 03 09    63
1945 03 16    74
1945 03 23   112
1945 03 30   164
1945 04 06   206
1945 04 13   184
1945 04 20   136
1945 04 27   129
1945 05 04   150
1945 05 11   161
1945 05 18   162
1945 05 25   157
1945 06 01   139
1945 06 08   150
1945 06 15   173
1945 06 22   160
1945 06 29   125
1945 07 06   100
1945 07 13    88
1945 07 20    83
1945 07 27    83
1945 08 03    78
1945 08 10    69
1945 08 17    65
1945 08 24    63
1945 08 31    64
1945 09 07    66
1945 09 14    66
1945 09 21    70
1945 09 28    76
1945 10 05    92
1945 10 12    92
1945 10 19    85
1945 10 26    84
1945 11 02    86
1945 11 09    89
1945 11 16    90
1945 11 23    88
1945 11 30    90
1945 12 07    86
1945 12 14    75
1945 12 21    72
1945 12 28    74
1946 01 04    74
1946 01 11    81
1946 01 18    84
1946 01 25    75
1946 02 01    73
1946 02 08    68
1946 02 15    71
1946 02 22    67
1946 03 01    71
1946 03 08    73
1946 03 15   101
1946 03 22   141
1946 03 29   145
1946 04 05   148
1946 04 12   143
1946 04 19   135
1946 04 26   127
1946 05 03   116
1946 05 10   108
1946 05 17   110
1946 05 24   128
1946 05 31   147
1946 06 07   152
1946 06 14   134
1946 06 21   120
1946 06 28   106
1946 07 05    90
1946 07 12    84
1946 07 19    80
1946 07 26    76
1946 08 02    73
1946 08 09    72
1946 08 16    73
1946 08 23    71
1946 08 30    73
1946 09 06    70
1946 09 13    71
1946 09 20    70
1946 09 27    70
1946 10 04    71
1946 10 11    72
1946 10 18    77
1946 10 25    82
1946 11 01    82
1946 11 08    88
1946 11 15    91
1946 11 22    92
1946 11 29    89
1946 12 06    79
1946 12 13   103
1946 12 20   103
1946 12 27    82
1947 01 03    66
1947 01 10    62
1947 01 17    64
1947 01 24    70
1947 01 31    75
1947 02 07    80
1947 02 14    78
1947 02 21    75
1947 02 28    74
1947 03 07    74
1947 03 14    77
1947 03 21    84
1947 03 28    91
1947 04 04   108
1947 04 11   166
1947 04 18   231
1947 04 25   228
1947 05 02   223
1947 05 09   259
1947 05 16   274
1947 05 23   272
1947 05 30   296
1947 06 06   290
1947 06 13   273
1947 06 20   264
1947 06 27   249
1947 07 04   214
1947 07 11   181
1947 07 18   150
1947 07 25   130
1947 08 01   119
1947 08 08   117
1947 08 15   101
1947 08 22    92
1947 08 29    83
1947 09 05    80
1947 09 12    81
1947 09 19    83
1947 09 26    87
1947 10 03    91
1947 10 10    88
1947 10 17    83
1947 10 24    80
1947 10 31    78
1947 11 07    79
1947 11 14    84
1947 11 21    83
1947 11 28    82
1947 12 05    77
1947 12 12    73
1947 12 19    70
1947 12 26    65
1948 01 02    59
1948 01 09    62
1948 01 16    64
1948 01 23    63
1948 01 30    58
1948 02 06    59
1948 02 13    61
1948 02 20    61
1948 02 27    61
1948 03 05    61
1948 03 12    62
1948 03 19    82
1948 03 26   118
1948 04 02   150
1948 04 09   153
1948 04 16   147
1948 04 23   155
1948 04 30   168
1948 05 07   164
1948 05 14   142
1948 05 21   127
1948 05 28   128
1948 06 04   126
1948 06 11   119
1948 06 18   108
1948 06 25    98
1948 07 02    88
1948 07 09    84
1948 07 16    88
1948 07 23    86
1948 07 30    83
1948 08 06    81
1948 08 13    81
1948 08 20    80
1948 08 27    76
1948 09 03    71
1948 09 10    69
1948 09 17    71
1948 09 24    69
1948 10 01    68
1948 10 08    68
1948 10 15    67
1948 10 22    67
1948 10 29    67
1948 11 05    65
1948 11 12    64
1948 11 19    65
1948 11 26    68
1948 12 03    71
1948 12 10    72
1948 12 17    68
1948 12 24    64
1948 12 31    62
1949 01 07    68
1949 01 14    70
1949 01 21    67
1949 01 28    66
1949 02 04    65
1949 02 11    65
1949 02 18    66
1949 02 25    68
1949 03 04    69
1949 03 11    69
1949 03 18    70
1949 03 25    83
1949 04 01   123
1949 04 08   184
1949 04 15   169
1949 04 22   191
1949 04 29   201
1949 05 06   205
1949 05 13   190
1949 05 20   155
1949 05 27   126
1949 06 03   116
1949 06 10   117
1949 06 17   104
1949 06 24    95
1949 07 01   121
1949 07 08   136
1949 07 15   117
1949 07 22    93
1949 07 29    87
1949 08 05    78
1949 08 12    74
1949 08 19    74
1949 08 26    75
1949 09 02    73
1949 09 09    70
1949 09 16    72
1949 09 23    75
1949 09 30    75
1949 10 07    76
1949 10 14    74
1949 10 21    73
1949 10 28    74
1949 11 04    73
1949 11 11    72
1949 11 18    75
1949 11 25    77
1949 12 02    73
1949 12 09    67
1949 12 16    70
1949 12 23    78
1949 12 30    95
1950 01 06    91
1950 01 13    83
1950 01 20    81
1950 01 27    81
1950 02 03    81
1950 02 10    79
1950 02 17    73
1950 02 24    68
1950 03 03    64
1950 03 10    65
1950 03 17    69
1950 03 24    71
1950 03 31    79
1950 04 07   137
1950 04 14   160
1950 04 21   168
1950 04 28   160
1950 05 05   148
1950 05 12   146
1950 05 19   155
1950 05 26   152
1950 06 02   137
1950 06 09   132
1950 06 16   120
1950 06 23   109
1950 06 30   114
1950 07 07   104
1950 07 14    99
1950 07 21    93
1950 07 28    87
1950 08 04    83
1950 08 11    82
1950 08 18    80
1950 08 25    78
1950 09 01    78
1950 09 08    80
1950 09 15    79
1950 09 22    81
1950 09 29    77
1950 10 06    74
1950 10 13    74
1950 10 20    75
1950 10 27    75
1950 11 03    78
1950 11 10    83
1950 11 17    93
1950 11 24   104
1950 12 01   109
1950 12 08   110
1950 12 15   110
1950 12 22   110
1950 12 29    77
1951 01 05    80
1951 01 12    87
1951 01 19    79
1951 01 26    73
1951 02 02    73
1951 02 09    72
1951 02 16    74
1951 02 23    79
1951 03 02    82
1951 03 09    87
1951 03 16    96
1951 03 23   115
1951 03 30   122
1951 04 06   224
1951 04 13   236
1951 04 20   288
1951 04 27   298
1951 05 04   269
1951 05 11   229
1951 05 18   179
1951 05 25   145
1951 06 01   117
1951 06 08   111
1951 06 15   101
1951 06 22   105
1951 06 29   109
1951 07 06   117
1951 07 13   120
1951 07 20   120
1951 07 27   109
1951 08 03    97
1951 08 10    90
1951 08 17    88
1951 08 24    89
1951 08 31    89
1951 09 07    85
1951 09 14    86
1951 09 21    90
1951 09 28    93
1951 10 05    92
1951 10 12   101
1951 10 19   112
1951 10 26   119
1951 11 02   135
1951 11 09   161
1951 11 16   152
1951 11 23   165
1951 11 30   163
1951 12 07   147
1951 12 14   151
1951 12 21   133
1951 12 28   129
1952 01 04   125
1952 01 11   121
1952 01 18   117
1952 01 25   118
1952 02 01   126
1952 02 08   125
1952 02 15   109
1952 02 22   103
1952 02 29   105
1952 03 07   102
1952 03 14   106
1952 03 21   117
1952 03 28   124
1952 04 04   161
1952 04 11   196
1952 04 18   201
1952 04 25   194
1952 05 02   193
1952 05 09   170
1952 05 16   155
1952 05 23   193
1952 05 30   223
1952 06 06   191
1952 06 13   166
1952 06 20   140
1952 06 27   124
1952 07 04   107
1952 07 11   107
1952 07 18   118
1952 07 25   114
1952 08 01    99
1952 08 08    93
1952 08 15   106
1952 08 22   117
1952 08 29   114
1952 09 05   101
1952 09 12    94
1952 09 19    96
1952 09 26    93
1952 10 03    91
1952 10 10    98
1952 10 17    97
1952 10 24    93
1952 10 31    89
1952 11 07    84
1952 11 14    84
1952 11 21    86
1952 11 28    96
1952 12 05   100
1952 12 12   107
1952 12 19   115
1952 12 26   113
1953 01 02   106
1953 01 09   100
1953 01 16   105
1953 01 23   110
1953 01 30   113
1953 02 06   112
1953 02 13   110
1953 02 20   102
1953 02 27   110
1953 03 06   110
1953 03 13   108
1953 03 20   132
1953 03 27   181
1953 04 03   219
1953 04 10   221
1953 04 17   199
1953 04 24   199
1953 05 01   179
1953 05 08   162
1953 05 15   147
1953 05 22   131
1953 05 29   114
1953 06 05   107
1953 06 12   103
1953 06 19    95
1953 06 26    91
1953 07 03    89
1953 07 10    86
1953 07 17    84
1953 07 24    82
1953 07 31    83
1953 08 07    80
1953 08 14    80
1953 08 21    77
1953 08 28    75
1953 09 04    73
1953 09 11    70
1953 09 18    68
1953 09 25    70
1953 10 02    72
1953 10 09    73
1953 10 16    74
1953 10 23    76
1953 10 30    77
1953 11 06    76
1953 11 13    79
1953 11 20    78
1953 11 27    75
1953 12 04    75
1953 12 11    75
1953 12 18    75
1953 12 25    76
1954 01 01    76
1954 01 08    64
1954 01 15    58
1954 01 22    62
1954 01 29    63
1954 02 05    64
1954 02 12    65
1954 02 19    66
1954 02 26    71
1954 03 05    85
1954 03 12    96
1954 03 19    99
1954 03 26   101
1954 04 02   118
1954 04 09   157
1954 04 16   212
1954 04 23   231
1954 04 30   200
1954 05 07   168
1954 05 14   165
1954 05 21   154
1954 05 28   129
1954 06 04   120
1954 06 11   137
1954 06 18   157
1954 06 25   148
1954 07 02   133
1954 07 09   129
1954 07 16   118
1954 07 23   109
1954 07 30    96
1954 08 06    86
1954 08 13    90
1954 08 20    91
1954 08 27    89
1954 09 03    90
1954 09 10    92
1954 09 17    93
1954 09 24   100
1954 10 01   108
1954 10 08   134
1954 10 15   146
1954 10 22   153
1954 10 29   159
1954 11 05   164
1954 11 12   156
1954 11 19   144
1954 11 26   146
1954 12 03   153
1954 12 10   146
1954 12 17   131
1954 12 24   121
1954 12 31   123
1955 01 07   112
1955 01 14   103
1955 01 21    97
1955 01 28   100
1955 02 04    95
1955 02 11    90
1955 02 18    91
1955 02 25    93
1955 03 04    89
1955 03 11    89
1955 03 18    99
1955 03 25   107
1955 04 01   120
1955 04 08   158
1955 04 15   215
1955 04 22   248
1955 04 29   233
1955 05 06   194
1955 05 13   163
1955 05 20   136
1955 05 27   115
1955 06 03   107
1955 06 10   108
1955 06 17   103
1955 06 24   102
1955 07 01    92
1955 07 08    87
1955 07 15    86
1955 07 22    86
1955 07 29    82
1955 08 05    76
1955 08 12    72
1955 08 19    71
1955 08 26    69
1955 09 02    67
1955 09 09    64
1955 09 16    67
1955 09 23    69
1955 09 30    66
1955 10 07    66
1955 10 14    64
1955 10 21    73
1955 10 28    92
1955 11 04   109
1955 11 11   123
1955 11 18   124
1955 11 25   113
1955 12 02   104
1955 12 09    96
1955 12 16    96
1955 12 23    86
1955 12 30    82
1956 01 06    82
1956 01 13    90
1956 01 20    84
1956 01 27    79
1956 02 03    78
1956 02 10    78
1956 02 17    75
1956 02 24    70
1956 03 02    69
1956 03 09    70
1956 03 16    68
1956 03 23    73
1956 03 30    75
1956 04 06    96
1956 04 13   139
1956 04 20   173
1956 04 27   170
1956 05 04   163
1956 05 11   160
1956 05 18   158
1956 05 25   166
1956 06 01   171
1956 06 08   172
1956 06 15   154
1956 06 22   124
1956 06 29   112
1956 07 06   106
1956 07 13   108
1956 07 20   110
1956 07 27   119
1956 08 03   120
1956 08 10   111
1956 08 17   100
1956 08 24    95
1956 08 31   115
1956 09 07   127
1956 09 14   125
1956 09 21   126
1956 09 28   130
1956 10 05   132
1956 10 12   139
1956 10 19   136
1956 10 26   125
1956 11 02   115
1956 11 09   109
1956 11 16   105
1956 11 23   109
1956 11 30   121
1956 12 07   117
1956 12 14   113
1956 12 21   107
1956 12 28    89
1957 01 04    77
1957 01 11    80
1957 01 18    84
1957 01 25    84
1957 02 01    93
1957 02 08    91
1957 02 15    88
1957 02 22    86
1957 03 01    86
1957 03 08    93
1957 03 15    90
1957 03 22   106
1957 03 29   110
1957 04 05   125
1957 04 12   132
1957 04 19   120
1957 04 26   121
1957 05 03   136
1957 05 10   136
1957 05 17   122
1957 05 24   112
1957 05 31   102
1957 06 07   106
1957 06 14   102
1957 06 21    99
1957 06 28   105
1957 07 05   148
1957 07 12   180
1957 07 19   170
1957 07 26   142
1957 08 02   122
1957 08 09   110
1957 08 16    97
1957 08 23    92
1957 08 30    86
1957 09 06    82
1957 09 13    87
1957 09 20   104
1957 09 27   117
1957 10 04   115
1957 10 11   107
1957 10 18   102
1957 10 25   106
1957 11 01   120
1957 11 08   125
1957 11 15   120
1957 11 22   139
1957 11 29   148
1957 12 06   140
1957 12 13   128
1957 12 20   129
1957 12 27   147
1958 01 03   151
1958 01 10   137
1958 01 17   125
1958 01 24   115
1958 01 31   119
1958 02 07   111
1958 02 14   109
1958 02 21    91
1958 02 28    93
1958 03 07   103
1958 03 14   114
1958 03 21   116
1958 03 28   137
1958 04 04   162
1958 04 11   164
1958 04 18   151
1958 04 25   157
1958 05 02   156
1958 05 09   130
1958 05 16   109
1958 05 23    99
1958 05 30    99
1958 06 06   101
1958 06 13   102
1958 06 20   101
1958 06 27    99
1958 07 04    96
1958 07 11    97
1958 07 18   103
1958 07 25   106
1958 08 01    99
1958 08 08    90
1958 08 15    82
1958 08 22    84
1958 08 29    88
1958 09 05    86
1958 09 12    91
1958 09 19    95
1958 09 26    98
1958 10 03    99
1958 10 10    97
1958 10 17   101
1958 10 24   107
1958 10 31   119
1958 11 07   117
1958 11 14   114
1958 11 21   114
1958 11 28   115
1958 12 05   109
1958 12 12   109
1958 12 19   106
1958 12 26    97
1959 01 02    87
1959 01 09    77
1959 01 16    79
1959 01 23    83
1959 01 30    82
1959 02 06    79
1959 02 13    80
1959 02 20    82
1959 02 27    80
1959 03 06    82
1959 03 13    83
1959 03 20    84
1959 03 27    89
1959 04 03   110
1959 04 10   149
1959 04 17   180
1959 04 24   163
1959 05 01   160
1959 05 08   162
1959 05 15   152
1959 05 22   146
1959 05 29   124
1959 06 05   114
1959 06 12   106
1959 06 19    99
1959 06 26    96
1959 07 03    92
1959 07 10    86
1959 07 17    78
1959 07 24    72
1959 07 31    75
1959 08 07    69
1959 08 14    70
1959 08 21    70
1959 08 28    72
1959 09 04    75
1959 09 11    78
1959 09 18    80
1959 09 25    81
1959 10 02    81
1959 10 09    86
1959 10 16    87
1959 10 23    85
1959 10 30   103
1959 11 06   111
1959 11 13   116
1959 11 20   129
1959 11 27   134
1959 12 04   133
1959 12 11   135
1959 12 18   136
1959 12 25   126
1960 01 01   110
1960 01 08   102
1960 01 15    97
1960 01 22    98
1960 01 29    98
1960 02 05    99
1960 02 12    99
1960 02 19   101
1960 02 26    99
1960 03 04    97
1960 03 11    98
1960 03 18   100
1960 03 25   101
1960 04 01   110
1960 04 08   149
1960 04 15   207
1960 04 22   249
1960 04 29   247
1960 05 06   233
1960 05 13   231
1960 05 20   258
1960 05 27   242
1960 06 03   193
1960 06 10   145
1960 06 17   115
1960 06 24   114
1960 07 01   131
1960 07 08   161
1960 07 15   157
1960 07 22   128
1960 07 29   117
1960 08 05   122
1960 08 12   119
1960 08 19   107
1960 08 26    97
1960 09 02    89
1960 09 09    83
1960 09 16    82
1960 09 23    80
1960 09 30    82
1960 10 07    82
1960 10 14    79
1960 10 21    80
1960 10 28    83
1960 11 04    84
1960 11 11    85
1960 11 18    90
1960 11 25    95
1960 12 02    92
1960 12 09    90
1960 12 16    96
1960 12 23   100
1960 12 30    89
1961 01 06    84
1961 01 13    83
1961 01 20    75
1961 01 27    73
1961 02 03    74
1961 02 10    75
1961 02 17    78
1961 02 24    80
1961 03 03    81
1961 03 10    82
1961 03 17    80
1961 03 24    81
1961 03 31    98
1961 04 07   115
1961 04 14   118
1961 04 21   135
1961 04 28   145
1961 05 05   148
1961 05 12   141
1961 05 19   136
1961 05 26   133
1961 06 02   125
1961 06 09   116
1961 06 16   108
1961 06 23   105
1961 06 30   100
1961 07 07    92
1961 07 14    94
1961 07 21    96
1961 07 28   100
1961 08 04    99
1961 08 11    95
1961 08 18    93
1961 08 25    95
1961 09 01    95
1961 09 08    94
1961 09 15    80
1961 09 22    75
1961 09 29    85
1961 10 06    95
1961 10 13    94
1961 10 20    91
1961 10 27    80
1961 11 03    75
1961 11 10    79
1961 11 17    80
1961 11 24    84
1961 12 01    90
1961 12 08    91
1961 12 15   112
1961 12 22   108
1961 12 29   105
1962 01 05    90
1962 01 12    88
1962 01 19    92
1962 01 26    90
1962 02 02    86
1962 02 09    85
1962 02 16    91
1962 02 23    91
1962 03 02    86
1962 03 09    86
1962 03 16    84
1962 03 23    81
1962 03 30    97
1962 04 06   148
1962 04 13   173
1962 04 20   157
1962 04 27   146
1962 05 04   163
1962 05 11   176
1962 05 18   161
1962 05 25   134
1962 06 01   108
1962 06 08    98
1962 06 15   104
1962 06 22   104
1962 06 29    93
1962 07 06    75
1962 07 13    72
1962 07 20    71
1962 07 27    69
1962 08 03    67
1962 08 10    68
1962 08 17    71
1962 08 24    69
1962 08 31    65
1962 09 07    59
1962 09 14    59
1962 09 21    62
1962 09 28    62
1962 10 05    68
1962 10 12    71
1962 10 19    71
1962 10 26    73
1962 11 02    76
1962 11 09    79
1962 11 16    82
1962 11 23    82
1962 11 30    77
1962 12 07    71
1962 12 14    72
1962 12 21    71
1962 12 28    66
1963 01 04    63
1963 01 11    64
1963 01 18    65
1963 01 25    61
1963 02 01    61
1963 02 08    62
1963 02 15    63
1963 02 22    66
1963 03 01    67
1963 03 08    66
1963 03 15    64
1963 03 22    69
1963 03 29    80
1963 04 05   144
1963 04 12   167
1963 04 19   152
1963 04 26   144
1963 05 03   146
1963 05 10   142
1963 05 17   134
1963 05 24   124
1963 05 31   109
1963 06 07   107
1963 06 14   102
1963 06 21    93
1963 06 28    87
1963 07 05    82
1963 07 12    80
1963 07 19    77
1963 07 26    72
1963 08 02    66
1963 08 09    63
1963 08 16    63
1963 08 23    64
1963 08 30    68
1963 09 06    73
1963 09 13    76
1963 09 20    75
1963 09 27    71
1963 10 04    73
1963 10 11    76
1963 10 18    75
1963 10 25    74
1963 11 01    73
1963 11 08    70
1963 11 15    88
1963 11 22    92
1963 11 29    89
1963 12 06   103
1963 12 13   110
1963 12 20    95
1963 12 27    90
1964 01 03    90
1964 01 10    88
1964 01 17    86
1964 01 24    94
1964 01 31    97
1964 02 07    92
1964 02 14    86
1964 02 21    89
1964 02 28    89
1964 03 06   102
1964 03 13   111
1964 03 20   109
1964 03 27   106
1964 04 03   101
1964 04 10   101
1964 04 17   129
1964 04 24   162
1964 05 01   163
1964 05 08   145
1964 05 15   119
1964 05 22   116
1964 05 29   114
1964 06 05   110
1964 06 12   102
1964 06 19   103
1964 06 26   106
1964 07 03   103
1964 07 10    97
1964 07 17    86
1964 07 24    77
1964 07 31    74
1964 08 07    64
1964 08 14    66
1964 08 21    67
1964 08 28    67
1964 09 04    65
1964 09 11    63
1964 09 18    60
1964 09 25    59
1964 10 02    62
1964 10 09    66
1964 10 16    69
1964 10 23    71
1964 10 30    71
1964 11 06    73
1964 11 13    72
1964 11 20    72
1964 11 27    72
1964 12 04    79
1964 12 11    88
1964 12 18    95
1964 12 25   101
1965 01 01   102
1965 01 08    75
1965 01 15    84
1965 01 22    83
1965 01 29    72
1965 02 05    70
1965 02 12    75
1965 02 19    77
1965 02 26    73
1965 03 05    82
1965 03 12    95
1965 03 19    96
1965 03 26    88
1965 04 02    83
1965 04 09    89
1965 04 16   126
1965 04 23   136
1965 04 30   131
1965 05 07   143
1965 05 14   152
1965 05 21   147
1965 05 28   139
1965 06 04   124
1965 06 11   108
1965 06 18    93
1965 06 25    84
1965 07 02    76
1965 07 09    74
1965 07 16    75
1965 07 23    73
1965 07 30    69
1965 08 06    69
1965 08 13    78
1965 08 20    85
1965 08 27    87
1965 09 03    93
1965 09 10    98
1965 09 17    94
1965 09 24    99
1965 10 01   129
1965 10 08   151
1965 10 15   159
1965 10 22   152
1965 10 29   159
1965 11 05   143
1965 11 12   127
1965 11 19   121
1965 11 26   122
1965 12 03   124
1965 12 10   125
1965 12 17   122
1965 12 24   126
1965 12 31   129
1966 01 07   144
1966 01 14   107
1966 01 21   108
1966 01 28   109
1966 02 04   107
1966 02 11   107
1966 02 18   109
1966 02 25   110
1966 03 04   122
1966 03 11   134
1966 03 18   139
1966 03 25   146
1966 04 01   158
1966 04 08   138
1966 04 15   136
1966 04 22   147
1966 04 29   182
1966 05 06   170
1966 05 13   146
1966 05 20   133
1966 05 27   127
1966 06 03   123
1966 06 10   123
1966 06 17   126
1966 06 24   123
1966 07 01   113
1966 07 08   102
1966 07 15   100
1966 07 22    81
1966 07 29    80
1966 08 05    79
1966 08 12    83
1966 08 19    94
1966 08 26    97
1966 09 02    91
1966 09 09    86
1966 09 16    83
1966 09 23    81
1966 09 30    78
1966 10 07    85
1966 10 14    84
1966 10 21    90
1966 10 28    96
1966 11 04    92
1966 11 11    95
1966 11 18   107
1966 11 25   114
1966 12 02   127
1966 12 09   154
1966 12 16   191
1966 12 23   176
1966 12 30   144
1967 01 06   137
1967 01 13   128
1967 01 20   128
1967 01 27   128
1967 02 03   133
1967 02 10   137
1967 02 17   129
1967 02 24   117
1967 03 03   102
1967 03 10    95
1967 03 17    96
1967 03 24   103
1967 03 31   112
1967 04 07   187
1967 04 14   169
1967 04 21   191
1967 04 28   210
1967 05 05   200
1967 05 12   205
1967 05 19   190
1967 05 26   156
1967 06 02   129
1967 06 09   118
1967 06 16   128
1967 06 23   176
1967 06 30   185
1967 07 07   152
1967 07 14   130
1967 07 21   120
1967 07 28   104
1967 08 04    95
1967 08 11    90
1967 08 18    90
1967 08 25    90
1967 09 01    85
1967 09 08    87
1967 09 15    87
1967 09 22    84
1967 09 29    88
1967 10 06    99
1967 10 13    92
1967 10 20   110
1967 10 27   141
1967 11 03   163
1967 11 10   173
1967 11 17   175
1967 11 24   161
1967 12 01   155
1967 12 08   136
1967 12 15   134
1967 12 22   131
1967 12 29   125
1968 01 05   121
1968 01 12   113
1968 01 19   109
1968 01 26   109
1968 02 02   110
1968 02 09   113
1968 02 16   111
1968 02 23   103
1968 03 01    97
1968 03 08    95
1968 03 15    99
1968 03 22   123
1968 03 29   168
1968 04 05   196
1968 04 12   193
1968 04 19   173
1968 04 26   160
1968 05 03   144
1968 05 10   125
1968 05 17   107
1968 05 24   100
1968 05 31    96
1968 06 07    96
1968 06 14    95
1968 06 21    99
1968 06 28   102
1968 07 05   112
1968 07 12   112
1968 07 19   103
1968 07 26    94
1968 08 02    86
1968 08 09    85
1968 08 16    85
1968 08 23    85
1968 08 30    82
1968 09 06    77
1968 09 13    83
1968 09 20    84
1968 09 27    84
1968 10 04    82
1968 10 11    79
1968 10 18    80
1968 10 25    83
1968 11 01    88
1968 11 08    85
1968 11 15    87
1968 11 22    84
1968 11 29    88
1968 12 06    97
1968 12 13    99
1968 12 20   104
1968 12 27    91
1969 01 03    77
1969 01 10    76
1969 01 17    83
1969 01 24    88
1969 01 31    96
1969 02 07    98
1969 02 14    98
1969 02 21    97
1969 02 28    90
1969 03 07    91
1969 03 14    92
1969 03 21    91
1969 03 28   127
1969 04 04   143
1969 04 11   155
1969 04 18   178
1969 04 25   190
1969 05 02   192
1969 05 09   179
1969 05 16   177
1969 05 23   199
1969 05 30   176
1969 06 06   151
1969 06 13   137
1969 06 20   129
1969 06 27   127
1969 07 04   119
1969 07 11   112
1969 07 18   106
1969 07 25   101
1969 08 01   100
1969 08 08   104
1969 08 15    96
1969 08 22    98
1969 08 29    90
1969 09 05    81
1969 09 12    78
1969 09 19    78
1969 09 26    79
1969 10 03    81
1969 10 10    81
1969 10 17    82
1969 10 24    85
1969 10 31    94
1969 11 07   107
1969 11 14   119
1969 11 21   127
1969 11 28   136
1969 12 05   125
1969 12 12   120
1969 12 19   121
1969 12 26   122
1970 01 02   122
1970 01 09   115
1970 01 16   106
1970 01 23   100
1970 01 30   101
1970 02 06   100
1970 02 13   100
1970 02 20    99
1970 02 27    90
1970 03 06    96
1970 03 13   102
1970 03 20   102
1970 03 27   103
1970 04 03   104
1970 04 10   116
1970 04 17   160
1970 04 24   190
1970 05 01   183
1970 05 08   200
1970 05 15   179
1970 05 22   181
1970 05 29   149
1970 06 05   152
1970 06 12   161
1970 06 19   143
1970 06 26   123
1970 07 03   116
1970 07 10   114
1970 07 17   121
1970 07 24   131
1970 07 31   161
1970 08 07   134
1970 08 14   117
1970 08 21   101
1970 08 28    97
1970 09 04    91
1970 09 11    88
1970 09 18    91
1970 09 25    93
1970 10 02    89
1970 10 09    94
1970 10 16    99
1970 10 23   103
1970 10 30    97
1970 11 06   101
1970 11 13   106
1970 11 20   115
1970 11 27   114
1970 12 04   111
1970 12 11   115
1970 12 18   119
1970 12 25   112
1971 01 01    93
1971 01 08    93
1971 01 15    99
1971 01 22    99
1971 01 29    92
1971 02 05    88
1971 02 12    86
1971 02 19    86
1971 02 26    91
1971 03 05    92
1971 03 12    95
1971 03 19    97
1971 03 26   100
1971 04 02   107
1971 04 09   115
1971 04 16   161
1971 04 23   236
1971 04 30   231
1971 05 07   237
1971 05 14   218
1971 05 21   155
1971 05 28   128
1971 06 04   118
1971 06 11   112
1971 06 18   101
1971 06 25    91
1971 07 02    81
1971 07 09    76
1971 07 16    76
1971 07 23    74
1971 07 30    74
1971 08 06    71
1971 08 13    70
1971 08 20    70
1971 08 27    72
1971 09 03    72
1971 09 10    70
1971 09 17    70
1971 09 24    73
1971 10 01    73
1971 10 08    71
1971 10 15    72
1971 10 22    71
1971 10 29    69
1971 11 05    70
1971 11 12    70
1971 11 19    72
1971 11 26    74
1971 12 03    78
1971 12 10    82
1971 12 17    87
1971 12 24    93
1971 12 31    83
1972 01 07    77
1972 01 14    83
1972 01 21    88
1972 01 28    86
1972 02 04    81
1972 02 11    76
1972 02 18    79
1972 02 25    79
1972 03 03    79
1972 03 10    79
1972 03 17    78
1972 03 24    81
1972 03 31    91
1972 04 07   105
1972 04 14   120
1972 04 21   205
1972 04 28   215
1972 05 05   234
1972 05 12   254
1972 05 19   240
1972 05 26   199
1972 06 02   156
1972 06 09   133
1972 06 16   122
1972 06 23   115
1972 06 30   181
1972 07 07   145
1972 07 14   121
1972 07 21   129
1972 07 28   142
1972 08 04   134
1972 08 11   124
1972 08 18   119
1972 08 25   115
1972 09 01   120
1972 09 08   123
1972 09 15   113
1972 09 22   103
1972 09 29   102
1972 10 06   106
1972 10 13   109
1972 10 20   107
1972 10 27   119
1972 11 03   130
1972 11 10   138
1972 11 17   149
1972 11 24   130
1972 12 01   126
1972 12 08   121
1972 12 15   127
1972 12 22   118
1972 12 29   115
1973 01 05   110
1973 01 12    96
1973 01 19    91
1973 01 26   101
1973 02 02   110
1973 02 09   111
1973 02 16   113
1973 02 23   108
1973 03 02   107
1973 03 09   121
1973 03 16   199
1973 03 23   259
1973 03 30   198
1973 04 06   221
1973 04 13   207
1973 04 20   177
1973 04 27   185
1973 05 04   199
1973 05 11   200
1973 05 18   196
1973 05 25   178
1973 06 01   146
1973 06 08   138
1973 06 15   141
1973 06 22   164
1973 06 29   149
1973 07 06   156
1973 07 13   140
1973 07 20   118
1973 07 27   107
1973 08 03   105
1973 08 10   108
1973 08 17   105
1973 08 24    98
1973 08 31    95
1973 09 07    94
1973 09 14    92
1973 09 21    93
1973 09 28    94
1973 10 05   101
1973 10 12   103
1973 10 19   104
1973 10 26   104
1973 11 02   104
1973 11 09   106
1973 11 16   106
1973 11 23    98
1973 11 30   109
1973 12 07   113
1973 12 14   116
1973 12 21   118
1973 12 28   125
1974 01 04   123
1974 01 11   111
1974 01 18    95
1974 01 25    94
1974 02 01   107
1974 02 08   110
1974 02 15   108
1974 02 22    95
1974 03 01   105
1974 03 08   132
1974 03 15   173
1974 03 22   138
1974 03 29   123
1974 04 05   143
1974 04 12   164
1974 04 19   195
1974 04 26   216
1974 05 03   223
1974 05 10   233
1974 05 17   277
1974 05 24   317
1974 05 31   293
1974 06 07   245
1974 06 14   204
1974 06 21   179
1974 06 28   169
1974 07 05   147
1974 07 12   139
1974 07 19   132
1974 07 26   117
1974 08 02   105
1974 08 09   102
1974 08 16    97
1974 08 23    90
1974 08 30    84
1974 09 06    81
1974 09 13    82
1974 09 20    85
1974 09 27    83
1974 10 04    82
1974 10 11    85
1974 10 18    90
1974 10 25    92
1974 11 01    91
1974 11 08    96
1974 11 15   109
1974 11 22   114
1974 11 29   121
1974 12 06   114
1974 12 13   122
1974 12 20   119
1974 12 27   114
1975 01 03   113
1975 01 10   113
1975 01 17   116
1975 01 24   126
1975 01 31   122
1975 02 07   138
1975 02 14   118
1975 02 21   104
1975 02 28   102
1975 03 07   104
1975 03 14   103
1975 03 21   113
1975 03 28   130
1975 04 04   121
1975 04 11   106
1975 04 18   138
1975 04 25   200
1975 05 02   228
1975 05 09   216
1975 05 16   166
1975 05 23   122
1975 05 30   103
1975 06 06   110
1975 06 13   128
1975 06 20   123
1975 06 27   112
1975 07 04    97
1975 07 11    86
1975 07 18    78
1975 07 25    73
1975 08 01    72
1975 08 08    69
1975 08 15    64
1975 08 22    62
1975 08 29    62
1975 09 05    64
1975 09 12    64
1975 09 19    65
1975 09 26    69
1975 10 03    72
1975 10 10    71
1975 10 17    75
1975 10 24    84
1975 10 31    82
1975 11 07    82
1975 11 14    89
1975 11 21    91
1975 11 28    88
1975 12 05    93
1975 12 12    98
1975 12 19   113
1975 12 26   118
1976 01 02   111
1976 01 09   112
1976 01 16   115
1976 01 23   116
1976 01 30   115
1976 02 06   127
1976 02 13   119
1976 02 20   114
1976 02 27   111
1976 03 05   120
1976 03 12   120
1976 03 19   132
1976 03 26   197
1976 04 02   294
1976 04 09   334
1976 04 16   240
1976 04 23   223
1976 04 30   226
1976 05 07   181
1976 05 14   179
1976 05 21   189
1976 05 28   206
1976 06 04   175
1976 06 11   136
1976 06 18   115
1976 06 25   109
1976 07 02   110
1976 07 09   117
1976 07 16   115
1976 07 23   106
1976 07 30   102
1976 08 06    97
1976 08 13    94
1976 08 20    96
1976 08 27    92
1976 09 03    87
1976 09 10    84
1976 09 17    84
1976 09 24    87
1976 10 01    88
1976 10 08    84
1976 10 15    91
1976 10 22    89
1976 10 29    93
1976 11 05    92
1976 11 12    86
1976 11 19    85
1976 11 26    84
1976 12 03    87
1976 12 10    94
1976 12 17    94
1976 12 24   104
1976 12 31   113
1977 01 07   118
1977 01 14   122
1977 01 21   114
1977 01 28   109
1977 02 04   107
1977 02 11   100
1977 02 18    96
1977 02 25    99
1977 03 04   103
1977 03 11   134
1977 03 18   217
1977 03 25   246
1977 04 01   168
1977 04 08   198
1977 04 15   164
1977 04 22   171
1977 04 29   192
1977 05 06   172
1977 05 13   145
1977 05 20   116
1977 05 27    97
1977 06 03    86
1977 06 10    80
1977 06 17    75
1977 06 24    76
1977 07 01    81
1977 07 08    82
1977 07 15    81
1977 07 22    78
1977 07 29    73
1977 08 05    73
1977 08 12    71
1977 08 19    69
1977 08 26    69
1977 09 02    72
1977 09 09    75
1977 09 16    74
1977 09 23    74
1977 09 30    80
1977 10 07    98
1977 10 14   100
1977 10 21   100
1977 10 28    94
1977 11 04    88
1977 11 11    92
1977 11 18   105
1977 11 25   112
1977 12 02   114
1977 12 09   120
1977 12 16   108
1977 12 23   114
1977 12 30   119
1978 01 06   120
1978 01 13   112
1978 01 20   105
1978 01 27   110
1978 02 03   121
1978 02 10   129
1978 02 17   124
1978 02 24   118
1978 03 03   116
1978 03 10   111
1978 03 17   105
1978 03 24   111
1978 03 31   108
1978 04 07   123
1978 04 14   148
1978 04 21   210
1978 04 28   214
1978 05 05   201
1978 05 12   180
1978 05 19   160
1978 05 26   139
1978 06 02   114
1978 06 09   100
1978 06 16   102
1978 06 23   106
1978 06 30    95
1978 07 07    86
1978 07 14    83
1978 07 21    79
1978 07 28    75
1978 08 04    74
1978 08 11    75
1978 08 18    74
1978 08 25    71
1978 09 01    70
1978 09 08    68
1978 09 15    66
1978 09 22    68
1978 09 29    70
1978 10 06    74
1978 10 13    80
1978 10 20    90
1978 10 27    93
1978 11 03    90
1978 11 10    85
1978 11 17    84
1978 11 24    87
1978 12 01    88
1978 12 08    88
1978 12 15    85
1978 12 22    91
1978 12 29    87
1979 01 05    85
1979 01 12    87
1979 01 19    90
1979 01 26    90
1979 02 02    89
1979 02 09    87
1979 02 16    83
1979 02 23    81
1979 03 02    88
1979 03 09    96
1979 03 16   108
1979 03 23   132
1979 03 30   219
1979 04 06   223
1979 04 13   189
1979 04 20   177
1979 04 27   194
1979 05 04   249
1979 05 11   266
1979 05 18   234
1979 05 25   205
1979 06 01   164
1979 06 08   140
1979 06 15   129
1979 06 22   128
1979 06 29   114
1979 07 06   112
1979 07 13   105
1979 07 20    93
1979 07 27    84
1979 08 03    81
1979 08 10    83
1979 08 17    85
1979 08 24    87
1979 08 31    89
1979 09 07    85
1979 09 14    87
1979 09 21    95
1979 09 28    92
1979 10 05    92
1979 10 12   103
1979 10 19   113
1979 10 26   122
1979 11 02   136
1979 11 09   140
1979 11 16   130
1979 11 23   120
1979 11 30   141
1979 12 07   163
1979 12 14   147
1979 12 21   140
1979 12 28   151
1980 01 04   145
1980 01 11   136
1980 01 18   137
1980 01 25   137
1980 02 01   137
1980 02 08   138
1980 02 15   121
1980 02 22   113
1980 02 29   112
1980 03 07   106
1980 03 14   104
1980 03 21   117
1980 03 28   161
1980 04 04   156
1980 04 11   159
1980 04 18   194
1980 04 25   195
1980 05 02   167
1980 05 09   170
1980 05 16   151
1980 05 23   136
1980 05 30   116
1980 06 06   104
1980 06 13    93
1980 06 20    85
1980 06 27    92
1980 07 04    97
1980 07 11    92
1980 07 18    88
1980 07 25    91
1980 08 01    96
1980 08 08   106
1980 08 15    95
1980 08 22    88
1980 08 29    82
1980 09 05    85
1980 09 12    85
1980 09 19    88
1980 09 26    97
1980 10 03   107
1980 10 10   116
1980 10 17   125
1980 10 24   120
1980 10 31   136
1980 11 07   143
1980 11 14   136
1980 11 21   116
1980 11 28   116
1980 12 05   117
1980 12 12   121
1980 12 19   126
1980 12 26   129
1981 01 02   130
1981 01 09   130
1981 01 16   126
1981 01 23   125
1981 01 30   110
1981 02 06   107
1981 02 13   108
1981 02 20   133
1981 02 27   269
1981 03 06   213
1981 03 13   169
1981 03 20   151
1981 03 27   141
1981 04 03   163
1981 04 10   207
1981 04 17   221
1981 04 24   207
1981 05 01   164
1981 05 08   131
1981 05 15   135
1981 05 22   174
1981 05 29   159
1981 06 05   147
1981 06 12   140
1981 06 19   135
1981 06 26   133
1981 07 03   125
1981 07 10   111
1981 07 17    97
1981 07 24    87
1981 07 31    79
1981 08 07    81
1981 08 14    85
1981 08 21    87
1981 08 28    78
1981 09 04    81
1981 09 11   100
1981 09 18   113
1981 09 25   107
1981 10 02   105
1981 10 09    98
1981 10 16   101
1981 10 23   100
1981 10 30   130
1981 11 06   129
1981 11 13   119
1981 11 20   115
1981 11 27   114
1981 12 04   109
1981 12 11   103
1981 12 18   100
1981 12 25   101
1982 01 01   101
1982 01 08   101
1982 01 15    99
1982 01 22   105
1982 01 29   111
1982 02 05   116
1982 02 12   113
1982 02 19   105
1982 02 26   107
1982 03 05   112
1982 03 12   112
1982 03 19   108
1982 03 26   108
1982 04 02   127
1982 04 09   160
1982 04 16   134
1982 04 23   187
1982 04 30   195
1982 05 07   186
1982 05 14   147
1982 05 21   109
1982 05 28    92
1982 06 04    88
1982 06 11    89
1982 06 18    91
1982 06 25    94
1982 07 02    94
1982 07 09    89
1982 07 16    82
1982 07 23    77
1982 07 30    71
1982 08 06    70
1982 08 13    69
1982 08 20    65
1982 08 27    66
1982 09 03    68
1982 09 10    67
1982 09 17    64
1982 09 24    67
1982 10 01    69
1982 10 08    70
1982 10 15    75
1982 10 22    77
1982 10 29    79
1982 11 05    89
1982 11 12    97
1982 11 19   100
1982 11 26   102
1982 12 03   111
1982 12 10   122
1982 12 17   125
1982 12 24   122
1982 12 31   137
1983 01 07   144
1983 01 14   133
1983 01 21   127
1983 01 28   117
1983 02 04   122
1983 02 11   138
1983 02 18   127
1983 02 25   113
1983 03 04   109
1983 03 11   115
1983 03 18   144
1983 03 25   160
1983 04 01   137
1983 04 08   123
1983 04 15   146
1983 04 22   182
1983 04 29   159
1983 05 06   194
1983 05 13   259
1983 05 20   249
1983 05 27   212
1983 06 03   204
1983 06 10   204
1983 06 17   161
1983 06 24   124
1983 07 01   103
1983 07 08    97
1983 07 15    84
1983 07 22    80
1983 07 29    78
1983 08 05    77
1983 08 12    75
1983 08 19    73
1983 08 26    72
1983 09 02    71
1983 09 09    70
1983 09 16    65
1983 09 23    66
1983 09 30    68
1983 10 07    70
1983 10 14    77
1983 10 21    80
1983 10 28    81
1983 11 04    85
1983 11 11    91
1983 11 18    97
1983 11 25   105
1983 12 02   110
1983 12 09   103
1983 12 16   102
1983 12 23   129
1983 12 30   128
1984 01 06   116
1984 01 13   107
1984 01 20   107
1984 01 27   108
1984 02 03   108
1984 02 10   105
1984 02 17   109
1984 02 24   129
1984 03 02   142
1984 03 09   136
1984 03 16   126
1984 03 23   117
1984 03 30   124
1984 04 06   167
1984 04 13   200
1984 04 20   225
1984 04 27   220
1984 05 04   191
1984 05 11   162
1984 05 18   137
1984 05 25   130
1984 06 01   146
1984 06 08   170
1984 06 15   131
1984 06 22   114
1984 06 29   118
1984 07 06   123
1984 07 13   113
1984 07 20   110
1984 07 27   111
1984 08 03   105
1984 08 10    93
1984 08 17    91
1984 08 24    96
1984 08 31    98
1984 09 07    95
1984 09 14    90
1984 09 21    88
1984 09 28    84
1984 10 05    81
1984 10 12    83
1984 10 19    86
1984 10 26    87
1984 11 02    88
1984 11 09    95
1984 11 16   117
1984 11 23   125
1984 11 30   119
1984 12 07   121
1984 12 14   115
1984 12 21   119
1984 12 28   124
1985 01 04   133
1985 01 11   142
1985 01 18   144
1985 01 25   139
1985 02 01   136
1985 02 08   135
1985 02 15   134
1985 02 22   125
1985 03 01   136
1985 03 08   146
1985 03 15   150
1985 03 22   168
1985 03 29   150
1985 04 05   149
1985 04 12   143
1985 04 19   160
1985 04 26   202
1985 05 03   240
1985 05 10   233
1985 05 17   187
1985 05 24   148
1985 05 31   125
1985 06 07   109
1985 06 14    99
1985 06 21    94
1985 06 28    89
1985 07 05    89
1985 07 12    90
1985 07 19    90
1985 07 26    92
1985 08 02   104
1985 08 09   119
1985 08 16    93
1985 08 23    88
1985 08 30    87
1985 09 06    84
1985 09 13    82
1985 09 20    79
1985 09 27    79
1985 10 04    81
1985 10 11    83
1985 10 18    85
1985 10 25    85
1985 11 01    84
1985 11 08    83
1985 11 15    89
1985 11 22    95
1985 11 29   100
1985 12 06   108
1985 12 13   107
1985 12 20   103
1985 12 27    97
1986 01 03    95
1986 01 10    99
1986 01 17   104
1986 01 24   109
1986 01 31   119
1986 02 07   122
1986 02 14   123
1986 02 21   114
1986 02 28   112
1986 03 07   100
1986 03 14    96
1986 03 21   114
1986 03 28   135
1986 04 04   171
1986 04 11   191
1986 04 18   176
1986 04 25   155
1986 05 02   138
1986 05 09   124
1986 05 16   132
1986 05 23   138
1986 05 30   187
1986 06 06   147
1986 06 13   128
1986 06 20   113
1986 06 27   108
1986 07 04   106
1986 07 11   100
1986 07 18    92
1986 07 25    90
1986 08 01    92
1986 08 08    97
1986 08 15    99
1986 08 22    92
1986 08 29    92
1986 09 05    88
1986 09 12    98
1986 09 19   102
1986 09 26    98
1986 10 03   104
1986 10 10   111
1986 10 17   108
1986 10 24   113
1986 10 31   113
1986 11 07   114
1986 11 14   115
1986 11 21   111
1986 11 28   118
1986 12 05   125
1986 12 12   119
1986 12 19   112
1986 12 26   111
1987 01 02   113
1987 01 09   116
1987 01 16   113
1987 01 23   104
1987 01 30   110
1987 02 06   108
1987 02 13   113
1987 02 20   113
1987 02 27   107
1987 03 06   105
1987 03 13   109
1987 03 20   100
1987 03 27   144
1987 04 03   194
1987 04 10   204
1987 04 17   170
1987 04 24   140
1987 05 01   110
1987 05 08    96
1987 05 15    89
1987 05 22    85
1987 05 29    87
1987 06 05    90
1987 06 12    96
1987 06 19    90
1987 06 26    81
1987 07 03    76
1987 07 10    76
1987 07 17    78
1987 07 24    76
1987 07 31    73
1987 08 07    65
1987 08 14    64
1987 08 21    64
1987 08 28    62
1987 09 04    60
1987 09 11    62
1987 09 18    63
1987 09 25    59
1987 10 02    62
1987 10 09    66
1987 10 16    67
1987 10 23    67
1987 10 30    74
1987 11 06    82
1987 11 13    84
1987 11 20    85
1987 11 27    86
1987 12 04   102
1987 12 11   108
1987 12 18   102
1987 12 25   103
1988 01 01   103
1988 01 08   104
1988 01 15   103
1988 01 22   102
1988 01 29   103
1988 02 05   108
1988 02 12   111
1988 02 19   105
1988 02 26   101
1988 03 04   107
1988 03 11   104
1988 03 18    92
1988 03 25    96
1988 04 01   121
1988 04 08   173
1988 04 15   195
1988 04 22   172
1988 04 29   163
1988 05 06   178
1988 05 13   153
1988 05 20   131
1988 05 27   119
1988 06 03   106
1988 06 10    91
1988 06 17    76
1988 06 24    67
1988 07 01    66
1988 07 08    68
1988 07 15    60
1988 07 22    63
1988 07 29    65
1988 08 05    68
1988 08 12    70
1988 08 19    75
1988 08 26    82
1988 09 02    88
1988 09 09    89
1988 09 16    86
1988 09 23    83
1988 09 30    80
1988 10 07    92
1988 10 14   113
1988 10 21   115
1988 10 28   146
1988 11 04   163
1988 11 11   172
1988 11 18   178
1988 11 25   171
1988 12 02   153
1988 12 09   133
1988 12 16   124
1988 12 23   122
1988 12 30   118
1989 01 06   120
1989 01 13   127
1989 01 20   127
1989 01 27   126
1989 02 03   128
1989 02 10   129
1989 02 17   126
1989 02 24   121
1989 03 03   113
1989 03 10   107
1989 03 17   104
1989 03 24   113
1989 03 31   130
1989 04 07   174
1989 04 14   153
1989 04 21   139
1989 04 28   133
1989 05 05   134
1989 05 12   148
1989 05 19   154
1989 05 26   145
1989 06 02   139
1989 06 09   142
1989 06 16   137
1989 06 23   151
1989 06 30   113
1989 07 07    97
1989 07 14    90
1989 07 21    81
1989 07 28    75
1989 08 04    72
1989 08 11    70
1989 08 18    67
1989 08 25    66
1989 09 01    63
1989 09 08    63
1989 09 15    66
1989 09 22    61
1989 09 29    66
1989 10 06    65
1989 10 13    64
1989 10 20    68
1989 10 27    76
1989 11 03    81
1989 11 10    86
1989 11 17   111
1989 11 24   137
1989 12 01   121
1989 12 08   121
1989 12 15   120
1989 12 22   131
1989 12 29   127
1990 01 05   120
1990 01 12   117
1990 01 19   123
1990 01 26   125
1990 02 02   122
1990 02 09   124
1990 02 16   122
1990 02 23   118
1990 03 02   111
1990 03 09   103
1990 03 16   104
1990 03 23   164
1990 03 30   161
1990 04 06   171
1990 04 13   162
1990 04 20   155
1990 04 27   165
1990 05 04   172
1990 05 11   150
1990 05 18   123
1990 05 25   128
1990 06 01   139
1990 06 08   119
1990 06 15    98
1990 06 22    92
1990 06 29    98
1990 07 06   105
1990 07 13    97
1990 07 20    94
1990 07 27    91
1990 08 03    84
1990 08 10    77
1990 08 17    73
1990 08 24    73
1990 08 31    72
1990 09 07    67
1990 09 14    66
1990 09 21    66
1990 09 28    70
1990 10 05    82
1990 10 12    96
1990 10 19   109
1990 10 26   119
1990 11 02   125
1990 11 09   123
1990 11 16   120
1990 11 23   109
1990 11 30   131
1990 12 07   162
1990 12 14   150
1990 12 21   132
1990 12 28   140
1991 01 04   141
1991 01 11   141
1991 01 18   141
1991 01 25   139
1991 02 01   138
1991 02 08   128
1991 02 15   129
1991 02 22   133
1991 03 01   138
1991 03 08   136
1991 03 15   137
1991 03 22   135
1991 03 29   147
1991 04 05   161
1991 04 12   224
1991 04 19   251
1991 04 26   246
1991 05 03   236
1991 05 10   191
1991 05 17   139
1991 05 24   112
1991 05 31    98
1991 06 07   103
1991 06 14    92
1991 06 21    82
1991 06 28    81
1991 07 05    77
1991 07 12    73
1991 07 19    68
1991 07 26    64
1991 08 02    62
1991 08 09    61
1991 08 16    62
1991 08 23    60
1991 08 30    61
1991 09 06    63
1991 09 13    66
1991 09 20    66
1991 09 27    65
1991 10 04    68
1991 10 11    75
1991 10 18    83
1991 10 25    86
1991 11 01    86
1991 11 08    95
1991 11 15    90
1991 11 22    94
1991 11 29   101
1991 12 06   106
1991 12 13   114
1991 12 20   119
1991 12 27   119
1992 01 03   116
1992 01 10   112
1992 01 17   118
1992 01 24   131
1992 01 31   132
1992 02 07   128
1992 02 14   136
1992 02 21   126
1992 02 28   120
1992 03 06   114
1992 03 13   117
1992 03 20   115
1992 03 27   112
1992 04 03   121
1992 04 10   135
1992 04 17   138
1992 04 24   153
1992 05 01   229
1992 05 08   196
1992 05 15   165
1992 05 22   140
1992 05 29   117
1992 06 05   104
1992 06 12    93
1992 06 19    83
1992 06 26    78
1992 07 03    77
1992 07 10    77
1992 07 17    84
1992 07 24    90
1992 07 31    79
1992 08 07    79
1992 08 14    77
1992 08 21    70
1992 08 28    71
1992 09 04    78
1992 09 11    83
1992 09 18    84
1992 09 25    96
1992 10 02   116
1992 10 09   109
1992 10 16   102
1992 10 23   109
1992 10 30   118
1992 11 06   120
1992 11 13   133
1992 11 20   151
1992 11 27   157
1992 12 04   147
1992 12 11   132
1992 12 18   121
1992 12 25   122
1993 01 01   125
1993 01 08   131
1993 01 15   134
1993 01 22   133
1993 01 29   126
1993 02 05   128
1993 02 12   131
1993 02 19   127
1993 02 26   123
1993 03 05   118
1993 03 12   111
1993 03 19   104
1993 03 26   102
1993 04 02   117
1993 04 09   167
1993 04 16   243
1993 04 23   208
1993 04 30   203
1993 05 07   138
1993 05 14   122
1993 05 21   109
1993 05 28   108
1993 06 04   120
1993 06 11   128
1993 06 18   121
1993 06 25   113
1993 07 02   108
1993 07 09   100
1993 07 16    89
1993 07 23    78
1993 07 30    75
1993 08 06    74
1993 08 13    74
1993 08 20    73
1993 08 27    72
1993 09 03    72
1993 09 10    71
1993 09 17    69
1993 09 24    71
1993 10 01    79
1993 10 08    85
1993 10 15    89
1993 10 22   116
1993 10 29   142
1993 11 05   141
1993 11 12   133
1993 11 19   125
1993 11 26   122
1993 12 03   130
1993 12 10   137
1993 12 17   123
1993 12 24   116
1993 12 31   121
1994 01 07   115
1994 01 14   122
1994 01 21   129
1994 01 28   131
1994 02 04   131
1994 02 11   130
1994 02 18   130
1994 02 25   135
1994 03 04   139
1994 03 11   134
1994 03 18   120
1994 03 25   112
1994 04 01   111
1994 04 08   114
1994 04 15   162
1994 04 22   206
1994 04 29   151
1994 05 06   138
1994 05 13   130
1994 05 20   133
1994 05 27   140
1994 06 03   143
1994 06 10   137
1994 06 17   120
1994 06 24   114
1994 07 01   114
1994 07 08   126
1994 07 15   125
1994 07 22   118
1994 07 29   118
1994 08 05   123
1994 08 12   116
1994 08 19   100
1994 08 26    89
1994 09 02    86
1994 09 09    85
1994 09 16    80
1994 09 23    79
1994 09 30    79
1994 10 07    79
1994 10 14    78
1994 10 21    78
1994 10 28    83
1994 11 04    93
1994 11 11   103
1994 11 18   106
1994 11 25   101
1994 12 02    99
1994 12 09   106
1994 12 16   110
1994 12 23   106
1994 12 30   104
1995 01 06   111
1995 01 13   116
1995 01 20   155
1995 01 27   157
1995 02 03   141
1995 02 10   134
1995 02 17   134
1995 02 24   125
1995 03 03   119
1995 03 10   118
1995 03 17   132
1995 03 24   160
1995 03 31   154
1995 04 07   121
1995 04 14   105
1995 04 21    94
1995 04 28    98
1995 05 05   101
1995 05 12   102
1995 05 19   117
1995 05 26   140
1995 06 02   156
1995 06 09   156
1995 06 16   125
1995 06 23   102
1995 06 30    90
1995 07 07    85
1995 07 14    71
1995 07 21    71
1995 07 28    78
1995 08 04    80
1995 08 11    78
1995 08 18    71
1995 08 25    65
1995 09 01    61
1995 09 08    59
1995 09 15    57
1995 09 22    56
1995 09 29    57
1995 10 06    60
1995 10 13    68
1995 10 20    71
1995 10 27    81
1995 11 03    91
1995 11 10    96
1995 11 17   111
1995 11 24   132
1995 12 01   119
1995 12 08   118
1995 12 15   148
1995 12 22   153
1995 12 29   131
1996 01 05   -34
1996 01 12   -99
1996 01 19   -99
1996 01 26   -99
1996 02 02   -99
1996 02 09   -99
1996 02 16   -99
1996 02 23   -99
1996 03 01   -99
1996 03 08   -99
1996 03 15   -99
1996 03 22   -99
1996 03 29   -99
1996 04 05   -99
1996 04 12   -99
1996 04 19   -99
1996 04 26   -99
1996 05 03   -99
1996 05 10   -99
1996 05 17   -99
1996 05 24   -99
1996 05 31   -99
1996 06 07   -99
1996 06 14   -99
1996 06 21   -99
1996 06 28   -99
1996 07 05   -99
1996 07 12   -99
1996 07 19   -99
1996 07 26   -99
1996 08 02   -99
1996 08 09   -99
1996 08 16   -99
1996 08 23   -99
1996 08 30   -99
1996 09 06   -99
1996 09 13   -99
1996 09 20   -99
1996 09 27   -99
1996 10 04   -99
1996 10 11   -99
1996 10 18   -99
1996 10 25   -99
1996 11 01   -99
1996 11 08   -99
1996 11 15   -99
1996 11 22   -99
1996 11 29   -99
1996 12 06   -99
1996 12 13   -99
1996 12 20   -99
1996 12 27   -99
1997 01 03   -99
1997 01 10   -99
1997 01 17   -99
1997 01 24   -99
1997 01 31   -99
1997 02 07   -99
1997 02 14   -99
1997 02 21   -99
1997 02 28   -99
1997 03 07   -99
1997 03 14   -99
1997 03 21   -99
1997 03 28   -99
1997 04 04   -99
1997 04 11   -99
1997 04 18   -99
1997 04 25   -99
1997 05 02   -99
1997 05 09   -99
1997 05 16   -99
1997 05 23   -99
1997 05 30   -99
1997 06 06   -99
1997 06 13   -99
1997 06 20   -99
1997 06 27   -99
1997 07 04   -99
1997 07 11   -99
1997 07 18   -99
1997 07 25   -99
1997 08 01   -99
1997 08 08   -99
1997 08 15   -99
1997 08 22   -99
1997 08 29   -99
1997 09 05   -99
1997 09 12   -99
1997 09 19   -99
1997 09 26   -99
1997 10 03   -99
1997 10 10   -99
1997 10 17   -99
1997 10 24   -99
1997 10 31   -99
1997 11 07   -99
1997 11 14   -99
1997 11 21   -99
1997 11 28   -99
1997 12 05   -99
1997 12 12   -99
1997 12 19   -99
1997 12 26   -99
1998 01 02   -99
1998 01 09   -99
1998 01 16   -99
1998 01 23   -99
1998 01 30   -99
1998 02 06   -99
1998 02 13   -99
1998 02 20   -99
1998 02 27   -99
1998 03 06   -99
1998 03 13   -99
1998 03 20   -99
1998 03 27   -99
1998 04 03   -99
1998 04 10   -99
1998 04 17   -99
1998 04 24   -99
1998 05 01   -99
1998 05 08   -99
1998 05 15   -99
1998 05 22   -99
1998 05 29   -99
1998 06 05   -99
1998 06 12   -99
1998 06 19   -99
1998 06 26   -99
1998 07 03   -99
1998 07 10   -99
1998 07 17   -99
1998 07 24   -99
1998 07 31   -99
1998 08 07   -99
1998 08 14   -99
1998 08 21   -99
1998 08 28   -99
1998 09 04   -99
1998 09 11   -99
1998 09 18   -99
1998 09 25   -99
1998 10 02   -99
1998 10 09   -99
1998 10 16   -99
1998 10 23   -99
1998 10 30   -99
1998 11 06   -99
1998 11 13   -99
1998 11 20   -99
1998 11 27   -99
1998 12 04   -99
1998 12 11   -99
1998 12 18   -99
1998 12 25   -99
1999 01 01   -99
1999 01 08   -99
1999 01 15   -99
1999 01 22   -99
1999 01 29   -99
1999 02 05   -99
1999 02 12   -99
1999 02 19   -99
1999 02 26   -99
1999 03 05   -99
1999 03 12   -99
1999 03 19   -99
1999 03 26   -99
1999 04 02   -99
1999 04 09   -99
1999 04 16   -99
1999 04 23   -99
1999 04 30   -99
1999 05 07   -99
1999 05 14   -99
1999 05 21   -99
1999 05 28   -99
1999 06 04   -99
1999 06 11   -99
1999 06 18   -99
1999 06 25   -99
1999 07 02   -99
1999 07 09   -99
1999 07 16   -99
1999 07 23   -99
1999 07 30   -99
1999 08 06   -99
1999 08 13   -99
1999 08 20   -99
1999 08 27   -99
1999 09 03   -99
1999 09 10   -99
1999 09 17   -99
1999 09 24   -99
1999 10 01   -99
1999 10 08   -99
1999 10 15   -99
1999 10 22   -99
1999 10 29   -99
1999 11 05   -99
1999 11 12   -99
1999 11 19   -99
1999 11 26   -99
1999 12 03   -99
1999 12 10   -99
1999 12 17   -99
1999 12 24   -99
1999 12 31   -99
