# LAKE Erie     DAILY NET BASIN SUPPLIES (CMS*10)
#                [e.g. 149 = 1490 cms]
# 2018 to 2018
# Fortran format: I5, I3, I2, 12F8.0
INTERVAL: Daily
UNITS: 10m3s
#  YR  M Q       1       2       3       4       5       6       7       8
 2018  3 1 -99999. -99999. -99999. -99999. -99999. -99999. -99999. -99999.
 2018  3 2     57.     57.    122.    -10.    -17.     51.    266.
 2018  3 3    352.    154.    161.    796.    329.    973.    739.    389.
 2018  3 4    272.    196.    392.    536.    127.    140.    156.    422.
 2018  4 1    242.    136.     64.     65.    206.    310.    167.    147.
 2018  4 2    -23.     59.    558.    213.    362.    402.    182.
 2018  4 3    142.      6.     58.     84.    157.     82.     29.     99.
 2018  4 4    141.     85.     98.    424.    202.     39.      1.
 2018  5 1     28.    139.    178.     89.    161.    195.    613.     64.
 2018  5 2    305.    631.    502.    368.    285.    245.    137.
 2018  5 3    343.    362.    123.      6.     30.     63.    -40.     88.
 2018  5 4      9.    -10.     -6.     20.     28.     -7.    -39.    -31.
 2018  6 1    -22.      3.      9.     40.     34.     86.    319.    206.
 2018  6 2     87.     37.     28.    265.     81.      7.     14.
 2018  6 3    -86.    -58.     22.    119.    -25.    102.    414.    183.
 2018  6 4    188.     62.    105.    194.    208.    340.    127.
 2018  7 1   -113.    -42.      7.     12.     10.      1.   -153.   -106.
 2018  7 2    -58.    -36.     18.    199.    207.    -74.   -115.
 2018  7 3    101.     -4.    -69.    -71.    -39.    187.    235.     76.
 2018  7 4   -213.   -103.     67.     84.      1.    -64.     53.   -102.
 2018  8 1   -156.   -143.   -137.     43.    -38.   -184.   -134.   -113.
 2018  8 2    -93.    -73.    610.    299.     14.    -32.    -60.
 2018  8 3    -57.     12.    229.    -17.    -40.    -47.    -36.    -51.
 2018  8 4    -68.    -34.    -16.    -12.    -27.    -70.   -101.   -368.
 2018  9 1   -246.   -199.   -104.    -97.    -79.     30.     14.    107.
 2018  9 2     -7.   -200.   -223.   -132.   -108.   -259.   -160.
 2018  9 3   -126.   -138.    -99.    187.    128.    -61.   -234.   -208.
 2018  9 4   -241.   -257.   -189.   -165.   -171.    293.    141.
 2018 10 1    -25.    -83.   -354.   -338.   -256.   -156.    -35.     14.
 2018 10 2   -194.   -325.    174.   -135.    -54.    -77.    -70.
 2018 10 3     63.    377.   -162.   -148.   -124.   -109.   -129.    -18.
 2018 10 4    -32.    -83.    -78.    -72.    -61.    -54.    -45.      8.
 2018 11 1     34.    -12.    113.     89.    535.    377.    -86.    -43.
 2018 11 2     21.     97.   -159.    -27.    -21.   -142.    -63.
 2018 11 3      1.    -57.    -51.    579.    240.     -5.     51.    -43.
 2018 11 4     -7.    -62.    141.    129.     34.     58.    -33.
 2018 12 1    -56.    -76.     -3.    -13.     14.   -123.   -115.   -124.
 2018 12 2   -106.    -92.   -121.    164.     82.     14.    457.
 2018 12 3    354.     45.     25.     89.     42.     77.     -5.    -74.
 2018 12 4    -39.   -156.   -107.   -123.    146.    655.    263.     76.
