# Milleiles Flows
Units: 10m3s
Interval: Weekly
1913 05 09    66
1913 05 16    61
1913 05 23    48
1913 05 30    39
1913 06 06    33
1913 06 13    26
1913 06 20    21
1913 06 27    17
1913 07 04    11
1913 07 11     8
1913 07 18     6
1913 07 25     6
1913 08 01     5
1913 08 08     4
1913 08 15     3
1913 08 22     3
1913 08 29     3
1913 09 05     3
1913 09 12     3
1913 09 19     2
1913 09 26     2
1913 10 03     3
1913 10 10     3
1913 10 17     3
1913 10 24     4
1913 10 31    11
1913 11 07    11
1913 11 14    11
1913 11 21    15
1913 11 28    17
1913 12 05   -66
1913 12 12
1913 12 19
1913 12 26
1914 01 02
1914 01 09
1914 01 16
1914 01 23
1914 01 30
1914 02 06
1914 02 13
1914 02 20
1914 02 27
1914 03 06
1914 03 13
1914 03 20
1914 03 27
1914 04 03
1914 04 10
1914 04 17
1914 04 24
1914 05 01   -80
1914 05 08    33
1914 05 15    35
1914 05 22    30
1914 05 29    21
1914 06 05    16
1914 06 12    13
1914 06 19    10
1914 06 26    11
1914 07 03    12
1914 07 10    11
1914 07 17     9
1914 07 24     6
1914 07 31     5
1914 08 07     3
1914 08 14     2
1914 08 21     2
1914 08 28     2
1914 09 04     2
1914 09 11     2
1914 09 18     2
1914 09 25     2
1914 10 02     2
1914 10 09     2
1914 10 16     2
1914 10 23     2
1914 10 30     2
1914 11 06     2
1914 11 13     2
1914 11 20     2
1914 11 27     3
1914 12 04   -55
1914 12 11
1914 12 18
1914 12 25
1915 01 01
1915 01 08
1915 01 15
1915 01 22
1915 01 29
1915 02 05
1915 02 12
1915 02 19
1915 02 26
1915 03 05
1915 03 12
1915 03 19
1915 03 26
1915 04 02
1915 04 09
1915 04 16
1915 04 23
1915 04 30
1915 05 07    28
1915 05 14    29
1915 05 21    28
1915 05 28    25
1915 06 04    21
1915 06 11    17
1915 06 18    14
1915 06 25    15
1915 07 02    15
1915 07 09    13
1915 07 16     9
1915 07 23     7
1915 07 30     5
1915 08 06     4
1915 08 13     5
1915 08 20     5
1915 08 27     6
1915 09 03     6
1915 09 10     5
1915 09 17     4
1915 09 24     3
1915 10 01     3
1915 10 08     5
1915 10 15     5
1915 10 22     5
1915 10 29     5
1915 11 05     4
1915 11 12     4
1915 11 19     4
1915 11 26     4
1915 12 03   -40
1915 12 10
1915 12 17
1915 12 24
1915 12 31
1916 01 07
1916 01 14
1916 01 21
1916 01 28
1916 02 04
1916 02 11
1916 02 18
1916 02 25
1916 03 03
1916 03 10
1916 03 17
1916 03 24
1916 03 31
1916 04 07
1916 04 14
1916 04 21
1916 04 28
1916 05 05    28
1916 05 12    78
1916 05 19    81
1916 05 26    81
1916 06 02    73
1916 06 09    59
1916 06 16    50
1916 06 23    50
1916 06 30    39
1916 07 07    26
1916 07 14    19
1916 07 21    13
1916 07 28    11
1916 08 04     8
1916 08 11     6
1916 08 18     4
1916 08 25     3
1916 09 01     3
1916 09 08     2
1916 09 15     2
1916 09 22     2
1916 09 29     2
1916 10 06     2
1916 10 13     2
1916 10 20     3
1916 10 27     7
1916 11 03     9
1916 11 10     9
1916 11 17     9
1916 11 24     9
1916 12 01    -6
1916 12 08
1916 12 15
1916 12 22
1916 12 29
1917 01 05
1917 01 12
1917 01 19
1917 01 26
1917 02 02
1917 02 09
1917 02 16
1917 02 23
1917 03 02
1917 03 09
1917 03 16
1917 03 23
1917 03 30
1917 04 06
1917 04 13
1917 04 20
1917 04 27
1917 05 04   -13
1917 05 11    54
1917 05 18    53
1917 05 25    48
1917 06 01    46
1917 06 08    47
1917 06 15    49
1917 06 22    48
1917 06 29    41
1917 07 06    33
1917 07 13    28
1917 07 20    28
1917 07 27    29
1917 08 03    26
1917 08 10    20
1917 08 17    16
1917 08 24    13
1917 08 31    12
1917 09 07     9
1917 09 14     7
1917 09 21     5
1917 09 28     4
1917 10 05     4
1917 10 12     4
1917 10 19     4
1917 10 26     5
1917 11 02     9
1917 11 09    11
1917 11 16     8
1917 11 23     6
1917 11 30     5
1917 12 07
1917 12 14
1917 12 21
1917 12 28
1918 01 04
1918 01 11
1918 01 18
1918 01 25
1918 02 01
1918 02 08
1918 02 15
1918 02 22
1918 03 01
1918 03 08
1918 03 15
1918 03 22
1918 03 29
1918 04 05
1918 04 12
1918 04 19
1918 04 26
1918 05 03   -42
1918 05 10    34
1918 05 17    38
1918 05 24    43
1918 05 31    39
1918 06 07    31
1918 06 14    27
1918 06 21    22
1918 06 28    19
1918 07 05    18
1918 07 12    21
1918 07 19    21
1918 07 26    17
1918 08 02    12
1918 08 09     9
1918 08 16     7
1918 08 23     6
1918 08 30     4
1918 09 06     4
1918 09 13     5
1918 09 20     6
1918 09 27     7
1918 10 04     9
1918 10 11     9
1918 10 18     9
1918 10 25    14
1918 11 01    21
1918 11 08    28
1918 11 15    26
1918 11 22    30
1918 11 29    30
1918 12 06   -81
1918 12 13
1918 12 20
1918 12 27
1919 01 03
1919 01 10
1919 01 17
1919 01 24
1919 01 31
1919 02 07
1919 02 14
1919 02 21
1919 02 28
1919 03 07
1919 03 14
1919 03 21
1919 03 28
1919 04 04
1919 04 11
1919 04 18
1919 04 25
1919 05 02   -49
1919 05 09    76
1919 05 16    77
1919 05 23    75
1919 05 30    93
1919 06 06    78
1919 06 13    60
1919 06 20    48
1919 06 27    38
1919 07 04    27
1919 07 11    18
1919 07 18    11
1919 07 25     9
1919 08 01     7
1919 08 08     5
1919 08 15     4
1919 08 22     4
1919 08 29     3
1919 09 05     3
1919 09 12     4
1919 09 19     5
1919 09 26     5
1919 10 03     7
1919 10 10    10
1919 10 17    13
1919 10 24    13
1919 10 31    11
1919 11 07    20
1919 11 14    17
1919 11 21    19
1919 11 28    25
1919 12 05   -63
1919 12 12
1919 12 19
1919 12 26
1920 01 02
1920 01 09
1920 01 16
1920 01 23
1920 01 30
1920 02 06
1920 02 13
1920 02 20
1920 02 27
1920 03 05
1920 03 12
1920 03 19
1920 03 26
1920 04 02
1920 04 09
1920 04 16
1920 04 23
1920 04 30
1920 05 07    49
1920 05 14    44
1920 05 21    38
1920 05 28    33
1920 06 04    27
1920 06 11    22
1920 06 18    16
1920 06 25    12
1920 07 02    10
1920 07 09    10
1920 07 16    11
1920 07 23    12
1920 07 30    10
1920 08 06     9
1920 08 13     7
1920 08 20     6
1920 08 27     5
1920 09 03     4
1920 09 10     4
1920 09 17     4
1920 09 24     3
1920 10 01     3
1920 10 08     3
1920 10 15     2
1920 10 22     2
1920 10 29     2
1920 11 05     4
1920 11 12     5
1920 11 19     5
1920 11 26     4
1920 12 03   -40
1920 12 10
1920 12 17
1920 12 24
1920 12 31
1921 01 07
1921 01 14
1921 01 21
1921 01 28
1921 02 04
1921 02 11
1921 02 18
1921 02 25
1921 03 04
1921 03 11
1921 03 18
1921 03 25
1921 04 01
1921 04 08
1921 04 15
1921 04 22
1921 04 29
1921 05 06    39
1921 05 13    59
1921 05 20    47
1921 05 27    34
1921 06 03    26
1921 06 10    20
1921 06 17    14
1921 06 24     9
1921 07 01     7
1921 07 08     6
1921 07 15     5
1921 07 22     4
1921 07 29     3
1921 08 05     3
1921 08 12     3
1921 08 19     2
1921 08 26     2
1921 09 02     2
1921 09 09     2
1921 09 16     2
1921 09 23     2
1921 09 30     2
1921 10 07     2
1921 10 14     2
1921 10 21     3
1921 10 28     5
1921 11 04     5
1921 11 11     5
1921 11 18     5
1921 11 25     6
1921 12 02   -22
1921 12 09
1921 12 16
1921 12 23
1921 12 30
1922 01 06
1922 01 13
1922 01 20
1922 01 27
1922 02 03
1922 02 10
1922 02 17
1922 02 24
1922 03 03
1922 03 10
1922 03 17
1922 03 24
1922 03 31
1922 04 07
1922 04 14
1922 04 21
1922 04 28
1922 05 05    26
1922 05 12    71
1922 05 19    65
1922 05 26    57
1922 06 02    44
1922 06 09    29
1922 06 16    22
1922 06 23    19
1922 06 30    18
1922 07 07    12
1922 07 14     9
1922 07 21     9
1922 07 28     9
1922 08 04     7
1922 08 11     5
1922 08 18     4
1922 08 25     3
1922 09 01     3
1922 09 08     3
1922 09 15     3
1922 09 22     4
1922 09 29     3
1922 10 06     3
1922 10 13     2
1922 10 20     3
1922 10 27     3
1922 11 03     3
1922 11 10     3
1922 11 17     3
1922 11 24     3
1922 12 01   -12
1922 12 08
1922 12 15
1922 12 22
1922 12 29
1923 01 05
1923 01 12
1923 01 19
1923 01 26
1923 02 02
1923 02 09
1923 02 16
1923 02 23
1923 03 02
1923 03 09
1923 03 16
1923 03 23
1923 03 30
1923 04 06
1923 04 13
1923 04 20
1923 04 27
1923 05 04     3
1923 05 11    84
1923 05 18    89
1923 05 25    86
1923 06 01    79
1923 06 08    57
1923 06 15    53
1923 06 22    31
1923 06 29    21
1923 07 06    19
1923 07 13    15
1923 07 20    12
1923 07 27     9
1923 08 03     7
1923 08 10     6
1923 08 17     5
1923 08 24     5
1923 08 31     6
1923 09 07     6
1923 09 14     6
1923 09 21     7
1923 09 28     7
1923 10 05     5
1923 10 12     4
1923 10 19     3
1923 10 26     4
1923 11 02     5
1923 11 09     5
1923 11 16     5
1923 11 23     4
1923 11 30     4
1923 12 07     8
1923 12 14    10
1923 12 21     9
1923 12 28     9
1924 01 04     8
1924 01 11     7
1924 01 18     7
1924 01 25     7
1924 02 01     7
1924 02 08     6
1924 02 15     6
1924 02 22     6
1924 02 29     6
1924 03 07     8
1924 03 14     8
1924 03 21     8
1924 03 28     8
1924 04 04    22
1924 04 11    32
1924 04 18    38
1924 04 25    48
1924 05 02    61
1924 05 09    74
1924 05 16    79
1924 05 23    89
1924 05 30    86
1924 06 06    70
1924 06 13    55
1924 06 20    43
1924 06 27    35
1924 07 04    25
1924 07 11    17
1924 07 18    13
1924 07 25    13
1924 08 01    11
1924 08 08     9
1924 08 15     8
1924 08 22     7
1924 08 29     6
1924 09 05     5
1924 09 12     5
1924 09 19     7
1924 09 26     8
1924 10 03    11
1924 10 10    14
1924 10 17    10
1924 10 24     8
1924 10 31     6
1924 11 07     5
1924 11 14     5
1924 11 21     7
1924 11 28    10
1924 12 05   -68
1924 12 12
1924 12 19
1924 12 26
1925 01 02
1925 01 09
1925 01 16
1925 01 23
1925 01 30
1925 02 06
1925 02 13
1925 02 20
1925 02 27
1925 03 06
1925 03 13
1925 03 20
1925 03 27
1925 04 03   -31
1925 04 10    59
1925 04 17    56
1925 04 24    55
1925 05 01    51
1925 05 08    60
1925 05 15    58
1925 05 22    46
1925 05 29    37
1925 06 05    35
1925 06 12    39
1925 06 19    42
1925 06 26    39
1925 07 03    33
1925 07 10    28
1925 07 17    20
1925 07 24    17
1925 07 31    20
1925 08 07    19
1925 08 14    13
1925 08 21    10
1925 08 28     8
1925 09 04     6
1925 09 11     4
1925 09 18     4
1925 09 25     4
1925 10 02     4
1925 10 09     4
1925 10 16     4
1925 10 23     3
1925 10 30     5
1925 11 06     4
1925 11 13     7
1925 11 20    13
1925 11 27    14
1925 12 04   -51
1925 12 11
1925 12 18
1925 12 25
1926 01 01
1926 01 08
1926 01 15
1926 01 22
1926 01 29
1926 02 05
1926 02 12
1926 02 19
1926 02 26
1926 03 05
1926 03 12
1926 03 19
1926 03 26
1926 04 02
1926 04 09
1926 04 16
1926 04 23
1926 04 30
1926 05 07    56
1926 05 14    65
1926 05 21    69
1926 05 28    71
1926 06 04    67
1926 06 11    61
1926 06 18    51
1926 06 25    41
1926 07 02    27
1926 07 09    20
1926 07 16    25
1926 07 23    31
1926 07 30    25
1926 08 06    17
1926 08 13    12
1926 08 20     9
1926 08 27     8
1926 09 03     6
1926 09 10     5
1926 09 17     5
1926 09 24     5
1926 10 01     5
1926 10 08     5
1926 10 15     3
1926 10 22     3
1926 10 29     6
1926 11 05     8
1926 11 12    11
1926 11 19    23
1926 11 26    34
1926 12 03    30
1926 12 10    19
1926 12 17    19
1926 12 24    19
1926 12 31    19
1927 01 07    10
1927 01 14    10
1927 01 21    10
1927 01 28    10
1927 02 04     9
1927 02 11     8
1927 02 18     8
1927 02 25     8
1927 03 04    16
1927 03 11    21
1927 03 18    21
1927 03 25    21
1927 04 01    22
1927 04 08    25
1927 04 15    23
1927 04 22    19
1927 04 29    35
1927 05 06    36
1927 05 13    30
1927 05 20    31
1927 05 27    34
1927 06 03    36
1927 06 10    38
1927 06 17    38
1927 06 24    36
1927 07 01    30
1927 07 08    27
1927 07 15    27
1927 07 22    20
1927 07 29    27
1927 08 05    30
1927 08 12    25
1927 08 19    17
1927 08 26    14
1927 09 02    11
1927 09 09     9
1927 09 16     8
1927 09 23     7
1927 09 30     7
1927 10 07     8
1927 10 14     7
1927 10 21    10
1927 10 28    11
1927 11 04    11
1927 11 11    12
1927 11 18    25
1927 11 25    43
1927 12 02    45
1927 12 09    36
1927 12 16    19
1927 12 23    19
1927 12 30    19
1928 01 06    15
1928 01 13    15
1928 01 20    15
1928 01 27    15
1928 02 03    13
1928 02 10    11
1928 02 17    11
1928 02 24    11
1928 03 02    10
1928 03 09     9
1928 03 16     9
1928 03 23     9
1928 03 30     9
1928 04 06    36
1928 04 13    85
1928 04 20    91
1928 04 27    79
1928 05 04    81
1928 05 11   101
1928 05 18   120
1928 05 25   120
1928 06 01   110
1928 06 08    96
1928 06 15    77
1928 06 22    48
1928 06 29    37
1928 07 06    37
1928 07 13    34
1928 07 20    33
1928 07 27    33
1928 08 03    29
1928 08 10    23
1928 08 17    22
1928 08 24    16
1928 08 31    13
1928 09 07    11
1928 09 14    14
1928 09 21    25
1928 09 28    25
1928 10 05    26
1928 10 12    28
1928 10 19    44
1928 10 26    64
1928 11 02    73
1928 11 09    67
1928 11 16    50
1928 11 23    44
1928 11 30    48
1928 12 07    26
1928 12 14    26
1928 12 21    26
1928 12 28    26
1929 01 04    22
1929 01 11    18
1929 01 18    18
1929 01 25    18
1929 02 01    18
1929 02 08    15
1929 02 15    12
1929 02 22    10
1929 03 01     9
1929 03 08     7
1929 03 15    15
1929 03 22    31
1929 03 29    51
1929 04 05    52
1929 04 12    65
1929 04 19    78
1929 04 26    79
1929 05 03    87
1929 05 10   104
1929 05 17   109
1929 05 24   102
1929 05 31    86
1929 06 07    66
1929 06 14    53
1929 06 21    43
1929 06 28    37
1929 07 05    31
1929 07 12    28
1929 07 19    31
1929 07 26    27
1929 08 02    15
1929 08 09    10
1929 08 16    10
1929 08 23     9
1929 08 30     8
1929 09 06     7
1929 09 13     6
1929 09 20     6
1929 09 27     6
1929 10 04     6
1929 10 11     6
1929 10 18     6
1929 10 25     5
1929 11 01     6
1929 11 08    13
1929 11 15    11
1929 11 22    10
1929 11 29     7
1929 12 06     6
1929 12 13     6
1929 12 20     6
1929 12 27     6
1930 01 03     6
1930 01 10     7
1930 01 17    10
1930 01 24    12
1930 01 31    12
1930 02 07    16
1930 02 14    14
1930 02 21    13
1930 02 28    12
1930 03 07    11
1930 03 14    12
1930 03 21    12
1930 03 28    11
1930 04 04    19
1930 04 11    26
1930 04 18    29
1930 04 25    32
1930 05 02    35
1930 05 09    39
1930 05 16    42
1930 05 23    42
1930 05 30    43
1930 06 06    34
1930 06 13    33
1930 06 20    38
1930 06 27    43
1930 07 04    47
1930 07 11    48
1930 07 18    44
1930 07 25    34
1930 08 01    24
1930 08 08    18
1930 08 15    13
1930 08 22    14
1930 08 29     9
1930 09 05     7
1930 09 12     7
1930 09 19     7
1930 09 26     8
1930 10 03     8
1930 10 10     8
1930 10 17     7
1930 10 24     6
1930 10 31     5
1930 11 07     5
1930 11 14     5
1930 11 21     5
1930 11 28     5
1930 12 05     4
1930 12 12     4
1930 12 19     4
1930 12 26     4
1931 01 02     4
1931 01 09     4
1931 01 16     5
1931 01 23     5
1931 01 30     5
1931 02 06     5
1931 02 13     5
1931 02 20     4
1931 02 27     4
1931 03 06     3
1931 03 13     3
1931 03 20     3
1931 03 27     7
1931 04 03    12
1931 04 10    15
1931 04 17    15
1931 04 24    20
1931 05 01    30
1931 05 08    33
1931 05 15    25
1931 05 22    19
1931 05 29    17
1931 06 05    15
1931 06 12    17
1931 06 19    17
1931 06 26    12
1931 07 03     8
1931 07 10     6
1931 07 17     6
1931 07 24     6
1931 07 31     5
1931 08 07     4
1931 08 14     4
1931 08 21     6
1931 08 28     5
1931 09 04     4
1931 09 11     3
1931 09 18     3
1931 09 25     3
1931 10 02     3
1931 10 09     3
1931 10 16     3
1931 10 23     3
1931 10 30     3
1931 11 06     3
1931 11 13     3
1931 11 20     4
1931 11 27     5
1931 12 04     6
1931 12 11     8
1931 12 18     8
1931 12 25     8
1932 01 01     7
1932 01 08     7
1932 01 15     7
1932 01 22    17
1932 01 29    12
1932 02 05    10
1932 02 12    12
1932 02 19    13
1932 02 26    10
1932 03 04     9
1932 03 11     8
1932 03 18     8
1932 03 25     8
1932 04 01    10
1932 04 08    21
1932 04 15    58
1932 04 22    56
1932 04 29    55
1932 05 06    50
1932 05 13    43
1932 05 20    33
1932 05 27    27
1932 06 03    23
1932 06 10    21
1932 06 17    16
1932 06 24    12
1932 07 01     9
1932 07 08     8
1932 07 15    11
1932 07 22    13
1932 07 29    10
1932 08 05     9
1932 08 12     8
1932 08 19     8
1932 08 26    11
1932 09 02    17
1932 09 09    23
1932 09 16    35
1932 09 23    29
1932 09 30    21
1932 10 07    22
1932 10 14    31
1932 10 21    43
1932 10 28    49
1932 11 04    55
1932 11 11    59
1932 11 18    59
1932 11 25    53
1932 12 02    38
1932 12 09    26
1932 12 16    26
1932 12 23    24
1932 12 30    19
1933 01 06    17
1933 01 13    14
1933 01 20    13
1933 01 27    12
1933 02 03    10
1933 02 10     9
1933 02 17     9
1933 02 24     9
1933 03 03     8
1933 03 10     8
1933 03 17     8
1933 03 24     8
1933 03 31     8
1933 04 07    40
1933 04 14    40
1933 04 21    82
1933 04 28    90
1933 05 05    86
1933 05 12    84
1933 05 19    72
1933 05 26    59
1933 06 02    48
1933 06 09    39
1933 06 16    28
1933 06 23    25
1933 06 30    17
1933 07 07    13
1933 07 14    11
1933 07 21     9
1933 07 28     8
1933 08 04     7
1933 08 11     7
1933 08 18     7
1933 08 25     7
1933 09 01     7
1933 09 08     5
1933 09 15     4
1933 09 22     3
1933 09 29     3
1933 10 06     3
1933 10 13     3
1933 10 20     3
1933 10 27     3
1933 11 03     3
1933 11 10     3
1933 11 17     4
1933 11 24     4
1933 12 01     3
1933 12 08     3
1933 12 15     4
1933 12 22     4
1933 12 29     4
1934 01 05     3
1934 01 12     3
1934 01 19     3
1934 01 26     3
1934 02 02     5
1934 02 09     8
1934 02 16     5
1934 02 23     4
1934 03 02     4
1934 03 09     4
1934 03 16     4
1934 03 23     5
1934 03 30     5
1934 04 06    36
1934 04 13    42
1934 04 20    64
1934 04 27    69
1934 05 04    70
1934 05 11    81
1934 05 18    87
1934 05 25    75
1934 06 01    60
1934 06 08    45
1934 06 15    28
1934 06 22    30
1934 06 29    32
1934 07 06    27
1934 07 13    21
1934 07 20    15
1934 07 27    10
1934 08 03     7
1934 08 10     6
1934 08 17     5
1934 08 24     5
1934 08 31     4
1934 09 07     4
1934 09 14     5
1934 09 21     5
1934 09 28     5
1934 10 05     6
1934 10 12     7
1934 10 19     8
1934 10 26     7
1934 11 02     7
1934 11 09     6
1934 11 16     6
1934 11 23     6
1934 11 30     8
1934 12 07    12
1934 12 14     9
1934 12 21     8
1934 12 28     8
1935 01 04     7
1935 01 11     7
1935 01 18     7
1935 01 25     7
1935 02 01     7
1935 02 08     7
1935 02 15     7
1935 02 22     7
1935 03 01     7
1935 03 08     7
1935 03 15     8
1935 03 22    16
1935 03 29    26
1935 04 05    28
1935 04 12    28
1935 04 19    35
1935 04 26    40
1935 05 03    42
1935 05 10    44
1935 05 17    36
1935 05 24    23
1935 05 31    13
1935 06 07     8
1935 06 14     9
1935 06 21    15
1935 06 28    27
1935 07 05    26
1935 07 12    20
1935 07 19    16
1935 07 26    14
1935 08 02    12
1935 08 09    10
1935 08 16     9
1935 08 23     8
1935 08 30     7
1935 09 06     6
1935 09 13     6
1935 09 20     6
1935 09 27     6
1935 10 04     5
1935 10 11     5
1935 10 18     5
1935 10 25     5
1935 11 01     5
1935 11 08     6
1935 11 15     9
1935 11 22    10
1935 11 29     9
1935 12 06     7
1935 12 13     6
1935 12 20     5
1935 12 27     5
1936 01 03     5
1936 01 10     5
1936 01 17     5
1936 01 24     5
1936 01 31     5
1936 02 07     7
1936 02 14     7
1936 02 21     7
1936 02 28     7
1936 03 06     7
1936 03 13     7
1936 03 20    37
1936 03 27    49
1936 04 03    50
1936 04 10    48
1936 04 17    44
1936 04 24    51
1936 05 01    51
1936 05 08    63
1936 05 15    97
1936 05 22   110
1936 05 29    88
1936 06 05    70
1936 06 12    60
1936 06 19    49
1936 06 26    37
1936 07 03    23
1936 07 10    16
1936 07 17    12
1936 07 24     9
1936 07 31     7
1936 08 07     6
1936 08 14     6
1936 08 21     6
1936 08 28     5
1936 09 04     5
1936 09 11     5
1936 09 18     5
1936 09 25     6
1936 10 02     6
1936 10 09     8
1936 10 16    10
1936 10 23    14
1936 10 30    18
1936 11 06    23
1936 11 13    24
1936 11 20    20
1936 11 27    15
1936 12 04    10
1936 12 11     8
1936 12 18     8
1936 12 25     7
1937 01 01     9
1937 01 08    16
1937 01 15    19
1937 01 22    18
1937 01 29    15
1937 02 05    13
1937 02 12    12
1937 02 19    13
1937 02 26    18
1937 03 05    19
1937 03 12    18
1937 03 19    17
1937 03 26    16
1937 04 02    20
1937 04 09    32
1937 04 16    34
1937 04 23    42
1937 04 30    59
1937 05 07    73
1937 05 14    71
1937 05 21    58
1937 05 28    45
1937 06 04    36
1937 06 11    29
1937 06 18    20
1937 06 25    16
1937 07 02    12
1937 07 09     9
1937 07 16     9
1937 07 23     8
1937 07 30     7
1937 08 06     7
1937 08 13     7
1937 08 20     7
1937 08 27     6
1937 09 03     6
1937 09 10     5
1937 09 17     4
1937 09 24     5
1937 10 01     6
1937 10 08     7
1937 10 15     7
1937 10 22     7
1937 10 29    12
1937 11 05    14
1937 11 12    19
1937 11 19    32
1937 11 26    35
1937 12 03    27
1937 12 10    22
1937 12 17    17
1937 12 24    14
1937 12 31    14
1938 01 07    10
1938 01 14    10
1938 01 21    10
1938 01 28    10
1938 02 04    10
1938 02 11    10
1938 02 18    10
1938 02 25     9
1938 03 04     9
1938 03 11     9
1938 03 18    20
1938 03 25    34
1938 04 01    39
1938 04 08    68
1938 04 15    61
1938 04 22    76
1938 04 29    90
1938 05 06    84
1938 05 13    73
1938 05 20    54
1938 05 27    47
1938 06 03    42
1938 06 10    35
1938 06 17    25
1938 06 24    19
1938 07 01    12
1938 07 08     9
1938 07 15     8
1938 07 22     7
1938 07 29     7
1938 08 05     7
1938 08 12     6
1938 08 19     6
1938 08 26     5
1938 09 02     5
1938 09 09     5
1938 09 16     6
1938 09 23     6
1938 09 30     9
1938 10 07     9
1938 10 14     8
1938 10 21     8
1938 10 28     8
1938 11 04     7
1938 11 11     7
1938 11 18     6
1938 11 25     7
1938 12 02     7
1938 12 09     7
1938 12 16     7
1938 12 23     5
1938 12 30     5
1939 01 06     6
1939 01 13     6
1939 01 20     5
1939 01 27     5
1939 02 03     4
1939 02 10     4
1939 02 17     5
1939 02 24     7
1939 03 03     8
1939 03 10     6
1939 03 17     6
1939 03 24     5
1939 03 31     5
1939 04 07     8
1939 04 14    16
1939 04 21    33
1939 04 28    54
1939 05 05    70
1939 05 12    78
1939 05 19    77
1939 05 26    66
1939 06 02    52
1939 06 09    43
1939 06 16    40
1939 06 23    33
1939 06 30    30
1939 07 07    29
1939 07 14    19
1939 07 21    19
1939 07 28    16
1939 08 04    14
1939 08 11    14
1939 08 18    18
1939 08 25    21
1939 09 01    14
1939 09 08     9
1939 09 15     9
1939 09 22     7
1939 09 29     7
1939 10 06     7
1939 10 13     8
1939 10 20     9
1939 10 27     9
1939 11 03    10
1939 11 10    11
1939 11 17    11
1939 11 24    10
1939 12 01    10
1939 12 08     9
1939 12 15     7
1939 12 22     7
1939 12 29     6
1940 01 05     5
1940 01 12     5
1940 01 19     5
1940 01 26     5
1940 02 02     5
1940 02 09     5
1940 02 16     4
1940 02 23     4
1940 03 01     4
1940 03 08     4
1940 03 15     4
1940 03 22     4
1940 03 29     4
1940 04 05     9
1940 04 12    11
1940 04 19    26
1940 04 26    38
1940 05 03    45
1940 05 10    52
1940 05 17    43
1940 05 24    33
1940 05 31    40
1940 06 07    64
1940 06 14    54
1940 06 21    46
1940 06 28    39
1940 07 05    38
1940 07 12    34
1940 07 19    22
1940 07 26    14
1940 08 02    11
1940 08 09     9
1940 08 16     8
1940 08 23     7
1940 08 30     7
1940 09 06     7
1940 09 13     7
1940 09 20     8
1940 09 27     8
1940 10 04     7
1940 10 11     6
1940 10 18     5
1940 10 25     5
1940 11 01     5
1940 11 08     6
1940 11 15     6
1940 11 22     8
1940 11 29     9
1940 12 06     9
1940 12 13     9
1940 12 20     8
1940 12 27     8
1941 01 03     9
1941 01 10    10
1941 01 17     9
1941 01 24    10
1941 01 31    10
1941 02 07     9
1941 02 14     9
1941 02 21     9
1941 02 28    10
1941 03 07     9
1941 03 14     9
1941 03 21     9
1941 03 28    10
1941 04 04    17
1941 04 11    25
1941 04 18    38
1941 04 25    59
1941 05 02    74
1941 05 09    55
1941 05 16    25
1941 05 23    21
1941 05 30    20
1941 06 06    18
1941 06 13    13
1941 06 20     9
1941 06 27     8
1941 07 04     7
1941 07 11     8
1941 07 18     9
1941 07 25     9
1941 08 01    11
1941 08 08    11
1941 08 15     6
1941 08 22     7
1941 08 29     7
1941 09 05     7
1941 09 12     8
1941 09 19     9
1941 09 26     8
1941 10 03     9
1941 10 10    11
1941 10 17    16
1941 10 24    22
1941 10 31    19
1941 11 07    22
1941 11 14    34
1941 11 21    35
1941 11 28    30
1941 12 05    26
1941 12 12    21
1941 12 19    17
1941 12 26    17
1942 01 02    17
1942 01 09    15
1942 01 16    15
1942 01 23    13
1942 01 30    13
1942 02 06    13
1942 02 13    13
1942 02 20    12
1942 02 27    12
1942 03 06    12
1942 03 13    13
1942 03 20    18
1942 03 27    26
1942 04 03    34
1942 04 10    37
1942 04 17    42
1942 04 24    56
1942 05 01    67
1942 05 08    61
1942 05 15    38
1942 05 22    29
1942 05 29    43
1942 06 05    43
1942 06 12    34
1942 06 19    27
1942 06 26    23
1942 07 03    16
1942 07 10    12
1942 07 17     9
1942 07 24     8
1942 07 31     8
1942 08 07     8
1942 08 14     8
1942 08 21     7
1942 08 28     6
1942 09 04     5
1942 09 11     5
1942 09 18     6
1942 09 25     6
1942 10 02     6
1942 10 09     7
1942 10 16     5
1942 10 23     5
1942 10 30     4
1942 11 06     7
1942 11 13     9
1942 11 20     9
1942 11 27     9
1942 12 04     7
1942 12 11     7
1942 12 18     7
1942 12 25     7
1943 01 01     7
1943 01 08    10
1943 01 15    10
1943 01 22    10
1943 01 29    10
1943 02 05    11
1943 02 12    12
1943 02 19    12
1943 02 26    12
1943 03 05    12
1943 03 12    13
1943 03 19    15
1943 03 26    16
1943 04 02    21
1943 04 09    34
1943 04 16    34
1943 04 23    35
1943 04 30    57
1943 05 07    87
1943 05 14   108
1943 05 21    99
1943 05 28    75
1943 06 04    61
1943 06 11    53
1943 06 18    55
1943 06 25    60
1943 07 02    47
1943 07 09    36
1943 07 16    25
1943 07 23    14
1943 07 30     9
1943 08 06    10
1943 08 13     9
1943 08 20     9
1943 08 27     9
1943 09 03     9
1943 09 10     9
1943 09 17    10
1943 09 24    12
1943 10 01    12
1943 10 08    10
1943 10 15     8
1943 10 22     8
1943 10 29     9
1943 11 05    10
1943 11 12    13
1943 11 19    13
1943 11 26    11
1943 12 03     9
1943 12 10     8
1943 12 17     9
1943 12 24     8
1943 12 31     8
1944 01 07    11
1944 01 14    11
1944 01 21    10
1944 01 28     8
1944 02 04     8
1944 02 11     9
1944 02 18     9
1944 02 25     8
1944 03 03     6
1944 03 10     6
1944 03 17     7
1944 03 24     7
1944 03 31     8
1944 04 07    10
1944 04 14    10
1944 04 21    12
1944 04 28    26
1944 05 05    36
1944 05 12    42
1944 05 19    35
1944 05 26    23
1944 06 02    16
1944 06 09    11
1944 06 16    11
1944 06 23    11
1944 06 30     9
1944 07 07     7
1944 07 14     7
1944 07 21     7
1944 07 28     6
1944 08 04     6
1944 08 11     5
1944 08 18     5
1944 08 25     5
1944 09 01     4
1944 09 08     4
1944 09 15     5
1944 09 22     5
1944 09 29     5
1944 10 06     6
1944 10 13     5
1944 10 20     6
1944 10 27     6
1944 11 03     6
1944 11 10     6
1944 11 17     6
1944 11 24     6
1944 12 01     6
1944 12 08     5
1944 12 15     5
1944 12 22     5
1944 12 29     5
1945 01 05     6
1945 01 12     7
1945 01 19     7
1945 01 26     7
1945 02 02     7
1945 02 09     7
1945 02 16     7
1945 02 23     6
1945 03 02     5
1945 03 09     6
1945 03 16    10
1945 03 23    23
1945 03 30    48
1945 04 06    71
1945 04 13    57
1945 04 20    31
1945 04 27    29
1945 05 04    41
1945 05 11    45
1945 05 18    46
1945 05 25    43
1945 06 01    33
1945 06 08    42
1945 06 15    52
1945 06 22    38
1945 06 29    25
1945 07 06    14
1945 07 13    10
1945 07 20    10
1945 07 27     9
1945 08 03     7
1945 08 10     5
1945 08 17     5
1945 08 24     4
1945 08 31     5
1945 09 07     5
1945 09 14     5
1945 09 21     6
1945 09 28     8
1945 10 05    12
1945 10 12    11
1945 10 19     9
1945 10 26     9
1945 11 02    10
1945 11 09    11
1945 11 16    11
1945 11 23    12
1945 11 30    12
1945 12 07     8
1945 12 14     8
1945 12 21     7
1945 12 28     6
1946 01 04     7
1946 01 11     9
1946 01 18    12
1946 01 25    13
1946 02 01    13
1946 02 08    17
1946 02 15    15
1946 02 22    14
1946 03 01    15
1946 03 08    16
1946 03 15    16
1946 03 22    38
1946 03 29    38
1946 04 05    42
1946 04 12    38
1946 04 19    31
1946 04 26    26
1946 05 03    21
1946 05 10    16
1946 05 17    17
1946 05 24    27
1946 05 31    37
1946 06 07    38
1946 06 14    28
1946 06 21    21
1946 06 28    15
1946 07 05    10
1946 07 12     9
1946 07 19     9
1946 07 26     9
1946 08 02     8
1946 08 09     7
1946 08 16     7
1946 08 23     7
1946 08 30     7
1946 09 06     6
1946 09 13     6
1946 09 20     6
1946 09 27     6
1946 10 04     5
1946 10 11     5
1946 10 18     7
1946 10 25     8
1946 11 01     9
1946 11 08    10
1946 11 15    11
1946 11 22    11
1946 11 29    10
1946 12 06     9
1946 12 13    13
1946 12 20    17
1946 12 27    18
1947 01 03    15
1947 01 10    13
1947 01 17    14
1947 01 24    14
1947 01 31    14
1947 02 07    16
1947 02 14    16
1947 02 21    15
1947 02 28    13
1947 03 07    12
1947 03 14    12
1947 03 21    12
1947 03 28    14
1947 04 04    37
1947 04 11    54
1947 04 18    54
1947 04 25    58
1947 05 02    77
1947 05 09    99
1947 05 16   105
1947 05 23   105
1947 05 30   117
1947 06 06   114
1947 06 13   106
1947 06 20   101
1947 06 27    92
1947 07 04    73
1947 07 11    55
1947 07 18    38
1947 07 25    27
1947 08 01    22
1947 08 08    21
1947 08 15    15
1947 08 22    12
1947 08 29     9
1947 09 05     8
1947 09 12     8
1947 09 19     9
1947 09 26    10
1947 10 03    11
1947 10 10    10
1947 10 17     8
1947 10 24     8
1947 10 31     8
1947 11 07     8
1947 11 14     9
1947 11 21     8
1947 11 28     8
1947 12 05     8
1947 12 12     8
1947 12 19     9
1947 12 26     8
1948 01 02     7
1948 01 09     7
1948 01 16     7
1948 01 23     7
1948 01 30     7
1948 02 06     8
1948 02 13     8
1948 02 20     7
1948 02 27     5
1948 03 05     5
1948 03 12    11
1948 03 19    17
1948 03 26    19
1948 04 02    24
1948 04 09    36
1948 04 16    37
1948 04 23    40
1948 04 30    50
1948 05 07    44
1948 05 14    34
1948 05 21    27
1948 05 28    27
1948 06 04    26
1948 06 11    23
1948 06 18    18
1948 06 25    14
1948 07 02    11
1948 07 09     9
1948 07 16    10
1948 07 23     9
1948 07 30     8
1948 08 06     7
1948 08 13     7
1948 08 20     7
1948 08 27     7
1948 09 03     6
1948 09 10     6
1948 09 17     6
1948 09 24     5
1948 10 01     4
1948 10 08     5
1948 10 15     4
1948 10 22     4
1948 10 29     4
1948 11 05     3
1948 11 12     3
1948 11 19     4
1948 11 26     6
1948 12 03     7
1948 12 10     7
1948 12 17     6
1948 12 24     5
1948 12 31     4
1949 01 07     5
1949 01 14     6
1949 01 21     7
1949 01 28     9
1949 02 04    10
1949 02 11    10
1949 02 18     9
1949 02 25     9
1949 03 04     9
1949 03 11     8
1949 03 18    10
1949 03 25    14
1949 04 01    23
1949 04 08    52
1949 04 15    52
1949 04 22    59
1949 04 29    65
1949 05 06    66
1949 05 13    58
1949 05 20    40
1949 05 27    25
1949 06 03    20
1949 06 10    20
1949 06 17    16
1949 06 24    14
1949 07 01    23
1949 07 08    30
1949 07 15    21
1949 07 22    13
1949 07 29    10
1949 08 05     8
1949 08 12     7
1949 08 19     7
1949 08 26     6
1949 09 02     6
1949 09 09     5
1949 09 16     6
1949 09 23     6
1949 09 30     6
1949 10 07     7
1949 10 14     7
1949 10 21     7
1949 10 28     6
1949 11 04     6
1949 11 11     6
1949 11 18     7
1949 11 25     7
1949 12 02     7
1949 12 09     6
1949 12 16     7
1949 12 23    10
1949 12 30    16
1950 01 06    13
1950 01 13    13
1950 01 20    14
1950 01 27    14
1950 02 03    13
1950 02 10    11
1950 02 17    10
1950 02 24    10
1950 03 03    10
1950 03 10    10
1950 03 17    10
1950 03 24    10
1950 03 31     9
1950 04 07    38
1950 04 14    38
1950 04 21    40
1950 04 28    41
1950 05 05    37
1950 05 12    37
1950 05 19    42
1950 05 26    39
1950 06 02    32
1950 06 09    30
1950 06 16    23
1950 06 23    18
1950 06 30    21
1950 07 07    16
1950 07 14    14
1950 07 21    13
1950 07 28    10
1950 08 04     9
1950 08 11     9
1950 08 18     8
1950 08 25     8
1950 09 01     8
1950 09 08     8
1950 09 15     8
1950 09 22     8
1950 09 29     7
1950 10 06     7
1950 10 13     7
1950 10 20     7
1950 10 27     7
1950 11 03     8
1950 11 10     9
1950 11 17    11
1950 11 24    15
1950 12 01    17
1950 12 08    17
1950 12 15    17
1950 12 22    15
1950 12 29    18
1951 01 05    17
1951 01 12    17
1951 01 19    17
1951 01 26    17
1951 02 02    17
1951 02 09    17
1951 02 16    16
1951 02 23    15
1951 03 02    15
1951 03 09    16
1951 03 16    22
1951 03 23    26
1951 03 30    31
1951 04 06    75
1951 04 13    83
1951 04 20   111
1951 04 27   117
1951 05 04   101
1951 05 11    79
1951 05 18    52
1951 05 25    35
1951 06 01    22
1951 06 08    19
1951 06 15    15
1951 06 22    16
1951 06 29    18
1951 07 06    22
1951 07 13    23
1951 07 20    23
1951 07 27    18
1951 08 03    13
1951 08 10    11
1951 08 17    10
1951 08 24    10
1951 08 31    10
1951 09 07    10
1951 09 14    10
1951 09 21    11
1951 09 28    11
1951 10 05    11
1951 10 12    15
1951 10 19    19
1951 10 26    22
1951 11 02    30
1951 11 09    42
1951 11 16    37
1951 11 23    44
1951 11 30    42
1951 12 07    35
1951 12 14    37
1951 12 21    32
1951 12 28    32
1952 01 04    27
1952 01 11    24
1952 01 18    26
1952 01 25    27
1952 02 01    28
1952 02 08    22
1952 02 15    23
1952 02 22    22
1952 02 29    16
1952 03 07    14
1952 03 14    17
1952 03 21    21
1952 03 28    24
1952 04 04    45
1952 04 11    64
1952 04 18    66
1952 04 25    62
1952 05 02    61
1952 05 09    48
1952 05 16    40
1952 05 23    61
1952 05 30    76
1952 06 06    59
1952 06 13    46
1952 06 20    33
1952 06 27    25
1952 07 04    17
1952 07 11    17
1952 07 18    22
1952 07 25    20
1952 08 01    15
1952 08 08    13
1952 08 15    16
1952 08 22    23
1952 08 29    22
1952 09 05    14
1952 09 12    12
1952 09 19    12
1952 09 26    12
1952 10 03    12
1952 10 10    14
1952 10 17    13
1952 10 24    11
1952 10 31    11
1952 11 07     9
1952 11 14     9
1952 11 21    10
1952 11 28    12
1952 12 05    13
1952 12 12    18
1952 12 19    22
1952 12 26    20
1953 01 02    15
1953 01 09    12
1953 01 16    14
1953 01 23    16
1953 01 30    17
1953 02 06    18
1953 02 13    17
1953 02 20    16
1953 02 27    17
1953 03 06    17
1953 03 13    22
1953 03 20    25
1953 03 27    50
1953 04 03    73
1953 04 10    73
1953 04 17    63
1953 04 24    64
1953 05 01    51
1953 05 08    44
1953 05 15    35
1953 05 22    28
1953 05 29    20
1953 06 05    15
1953 06 12    14
1953 06 19    11
1953 06 26    10
1953 07 03     9
1953 07 10     9
1953 07 17     8
1953 07 24     8
1953 07 31     7
1953 08 07     7
1953 08 14     7
1953 08 21     6
1953 08 28     5
1953 09 04     5
1953 09 11     4
1953 09 18     4
1953 09 25     4
1953 10 02     5
1953 10 09     5
1953 10 16     5
1953 10 23     5
1953 10 30     5
1953 11 06     5
1953 11 13     5
1953 11 20     5
1953 11 27     4
1953 12 04     4
1953 12 11     5
1953 12 18     5
1953 12 25     6
1954 01 01     6
1954 01 08     5
1954 01 15     9
1954 01 22     8
1954 01 29     7
1954 02 05     8
1954 02 12     8
1954 02 19     8
1954 02 26     9
1954 03 05    13
1954 03 12    17
1954 03 19    16
1954 03 26    16
1954 04 02    20
1954 04 09    31
1954 04 16    68
1954 04 23    78
1954 04 30    62
1954 05 07    46
1954 05 14    45
1954 05 21    38
1954 05 28    25
1954 06 04    21
1954 06 11    30
1954 06 18    40
1954 06 25    35
1954 07 02    27
1954 07 09    23
1954 07 16    20
1954 07 23    16
1954 07 30    12
1954 08 06    11
1954 08 13    11
1954 08 20    10
1954 08 27    10
1954 09 03    10
1954 09 10    10
1954 09 17    10
1954 09 24    12
1954 10 01    16
1954 10 08    28
1954 10 15    32
1954 10 22    37
1954 10 29    40
1954 11 05    41
1954 11 12    36
1954 11 19    31
1954 11 26    32
1954 12 03    36
1954 12 10    32
1954 12 17    26
1954 12 24    24
1954 12 31    22
1955 01 07    18
1955 01 14    22
1955 01 21    27
1955 01 28    22
1955 02 04    19
1955 02 11    18
1955 02 18    17
1955 02 25    16
1955 03 04    14
1955 03 11    15
1955 03 18    19
1955 03 25    22
1955 04 01    29
1955 04 08    47
1955 04 15    77
1955 04 22    89
1955 04 29    84
1955 05 06    55
1955 05 13    39
1955 05 20    26
1955 05 27    19
1955 06 03    17
1955 06 10    15
1955 06 17    11
1955 06 24    11
1955 07 01     8
1955 07 08     7
1955 07 15     7
1955 07 22     7
1955 07 29     6
1955 08 05     5
1955 08 12     5
1955 08 19     4
1955 08 26     4
1955 09 02     4
1955 09 09     3
1955 09 16     4
1955 09 23     4
1955 09 30     4
1955 10 07     4
1955 10 14     4
1955 10 21     6
1955 10 28     9
1955 11 04    17
1955 11 11    24
1955 11 18    24
1955 11 25    19
1955 12 02    15
1955 12 09    13
1955 12 16    14
1955 12 23    18
1955 12 30    20
1956 01 06    17
1956 01 13    16
1956 01 20    12
1956 01 27    11
1956 02 03    10
1956 02 10    10
1956 02 17     9
1956 02 24    10
1956 03 02    11
1956 03 09    11
1956 03 16    13
1956 03 23    13
1956 03 30    10
1956 04 06    20
1956 04 13    41
1956 04 20    49
1956 04 27    47
1956 05 04    45
1956 05 11    41
1956 05 18    41
1956 05 25    45
1956 06 01    47
1956 06 08    48
1956 06 15    38
1956 06 22    23
1956 06 29    17
1956 07 06    15
1956 07 13    15
1956 07 20    17
1956 07 27    21
1956 08 03    21
1956 08 10    17
1956 08 17    13
1956 08 24    12
1956 08 31    20
1956 09 07    26
1956 09 14    23
1956 09 21    24
1956 09 28    26
1956 10 05    26
1956 10 12    29
1956 10 19    28
1956 10 26    23
1956 11 02    19
1956 11 09    15
1956 11 16    13
1956 11 23    14
1956 11 30    19
1956 12 07    17
1956 12 14    14
1956 12 21    14
1956 12 28    12
1957 01 04    14
1957 01 11    17
1957 01 18    17
1957 01 25    15
1957 02 01    17
1957 02 08    14
1957 02 15    14
1957 02 22    13
1957 03 01    13
1957 03 08    15
1957 03 15    14
1957 03 22    22
1957 03 29    23
1957 04 05    22
1957 04 12    22
1957 04 19    20
1957 04 26    22
1957 05 03    30
1957 05 10    30
1957 05 17    22
1957 05 24    17
1957 05 31    12
1957 06 07    15
1957 06 14    13
1957 06 21    12
1957 06 28    13
1957 07 05    36
1957 07 12    52
1957 07 19    46
1957 07 26    32
1957 08 02    22
1957 08 09    16
1957 08 16    11
1957 08 23     9
1957 08 30     8
1957 09 06     7
1957 09 13     7
1957 09 20    12
1957 09 27    17
1957 10 04    20
1957 10 11    19
1957 10 18    16
1957 10 25    17
1957 11 01    24
1957 11 08    24
1957 11 15    22
1957 11 22    32
1957 11 29    37
1957 12 06    32
1957 12 13    26
1957 12 20    26
1957 12 27    34
1958 01 03    36
1958 01 10    29
1958 01 17    23
1958 01 24    22
1958 01 31    19
1958 02 07    18
1958 02 14    20
1958 02 21    23
1958 02 28    21
1958 03 07    20
1958 03 14    18
1958 03 21    16
1958 03 28    28
1958 04 04    41
1958 04 11    45
1958 04 18    41
1958 04 25    42
1958 05 02    40
1958 05 09    28
1958 05 16    16
1958 05 23    12
1958 05 30    12
1958 06 06    14
1958 06 13    14
1958 06 20    13
1958 06 27    12
1958 07 04    12
1958 07 11    12
1958 07 18    15
1958 07 25    17
1958 08 01    14
1958 08 08    11
1958 08 15     9
1958 08 22     8
1958 08 29    10
1958 09 05    10
1958 09 12    11
1958 09 19    13
1958 09 26    14
1958 10 03    14
1958 10 10    13
1958 10 17    15
1958 10 24    19
1958 10 31    25
1958 11 07    23
1958 11 14    22
1958 11 21    22
1958 11 28    21
1958 12 05    20
1958 12 12    20
1958 12 19    20
1958 12 26    17
1959 01 02    14
1959 01 09    13
1959 01 16    18
1959 01 23    13
1959 01 30    14
1959 02 06    15
1959 02 13    16
1959 02 20    14
1959 02 27    13
1959 03 06    11
1959 03 13    10
1959 03 20     9
1959 03 27     9
1959 04 03    25
1959 04 10    45
1959 04 17    45
1959 04 24    45
1959 05 01    43
1959 05 08    44
1959 05 15    38
1959 05 22    35
1959 05 29    25
1959 06 05    20
1959 06 12    16
1959 06 19    14
1959 06 26    12
1959 07 03    10
1959 07 10     9
1959 07 17     7
1959 07 24     6
1959 07 31     6
1959 08 07     6
1959 08 14     7
1959 08 21     7
1959 08 28     7
1959 09 04     8
1959 09 11     9
1959 09 18     9
1959 09 25     9
1959 10 02     9
1959 10 09    10
1959 10 16    10
1959 10 23     9
1959 10 30    15
1959 11 06    19
1959 11 13    21
1959 11 20    28
1959 11 27    30
1959 12 04    28
1959 12 11    29
1959 12 18    29
1959 12 25    23
1960 01 01    14
1960 01 08    12
1960 01 15    17
1960 01 22    16
1960 01 29    15
1960 02 05    16
1960 02 12    16
1960 02 19    19
1960 02 26    20
1960 03 04    20
1960 03 11    19
1960 03 18    17
1960 03 25    17
1960 04 01    25
1960 04 08    66
1960 04 15    66
1960 04 22    66
1960 04 29    87
1960 05 06    83
1960 05 13    84
1960 05 20    99
1960 05 27    88
1960 06 03    62
1960 06 10    36
1960 06 17    22
1960 06 24    21
1960 07 01    31
1960 07 08    44
1960 07 15    43
1960 07 22    29
1960 07 29    24
1960 08 05    27
1960 08 12    25
1960 08 19    19
1960 08 26    16
1960 09 02    13
1960 09 09    10
1960 09 16    10
1960 09 23     9
1960 09 30    10
1960 10 07     9
1960 10 14     8
1960 10 21     9
1960 10 28    10
1960 11 04     9
1960 11 11     9
1960 11 18    11
1960 11 25    12
1960 12 02    12
1960 12 09    11
1960 12 16    10
1960 12 23     9
1960 12 30     9
1961 01 06     8
1961 01 13     8
1961 01 20     8
1961 01 27     9
1961 02 03     9
1961 02 10     9
1961 02 17     7
1961 02 24     7
1961 03 03     7
1961 03 10     9
1961 03 17    10
1961 03 24     8
1961 03 31    14
1961 04 07    24
1961 04 14    22
1961 04 21    29
1961 04 28    34
1961 05 05    35
1961 05 12    30
1961 05 19    27
1961 05 26    27
1961 06 02    24
1961 06 09    20
1961 06 16    17
1961 06 23    19
1961 06 30    15
1961 07 07    12
1961 07 14    14
1961 07 21    16
1961 07 28    16
1961 08 04    14
1961 08 11    11
1961 08 18    10
1961 08 25    10
1961 09 01    11
1961 09 08    11
1961 09 15     9
1961 09 22    10
1961 09 29    12
1961 10 06    15
1961 10 13    14
1961 10 20    12
1961 10 27    10
1961 11 03     9
1961 11 10     9
1961 11 17    10
1961 11 24    10
1961 12 01    12
1961 12 08    12
1961 12 15    16
1961 12 22    17
1961 12 29    14
1962 01 05    11
1962 01 12    10
1962 01 19    11
1962 01 26    12
1962 02 02    12
1962 02 09    12
1962 02 16    11
1962 02 23    10
1962 03 02     9
1962 03 09     8
1962 03 16     8
1962 03 23     9
1962 03 30    12
1962 04 06    47
1962 04 13    62
1962 04 20    46
1962 04 27    37
1962 05 04    48
1962 05 11    56
1962 05 18    46
1962 05 25    31
1962 06 01    21
1962 06 08    15
1962 06 15    15
1962 06 22    12
1962 06 29    11
1962 07 06     6
1962 07 13     5
1962 07 20     5
1962 07 27     5
1962 08 03     4
1962 08 10     4
1962 08 17     3
1962 08 24     3
1962 08 31     3
1962 09 07     3
1962 09 14     3
1962 09 21     3
1962 09 28     3
1962 10 05     4
1962 10 12     5
1962 10 19     5
1962 10 26     6
1962 11 02     7
1962 11 09     7
1962 11 16     9
1962 11 23     8
1962 11 30     6
1962 12 07     5
1962 12 14     7
1962 12 21     6
1962 12 28     5
1963 01 04     6
1963 01 11     6
1963 01 18     5
1963 01 25     6
1963 02 01     7
1963 02 08     7
1963 02 15     6
1963 02 22     6
1963 03 01     6
1963 03 08     5
1963 03 15     4
1963 03 22     4
1963 03 29     8
1963 04 05    52
1963 04 12    57
1963 04 19    40
1963 04 26    35
1963 05 03    36
1963 05 10    34
1963 05 17    29
1963 05 24    25
1963 05 31    17
1963 06 07    16
1963 06 14    14
1963 06 21    12
1963 06 28     9
1963 07 05     8
1963 07 12     7
1963 07 19     6
1963 07 26     5
1963 08 02     3
1963 08 09     3
1963 08 16     3
1963 08 23     3
1963 08 30     3
1963 09 06     5
1963 09 13     7
1963 09 20     7
1963 09 27     6
1963 10 04     6
1963 10 11     6
1963 10 18     6
1963 10 25     5
1963 11 01     6
1963 11 08     6
1963 11 15    12
1963 11 22    13
1963 11 29    13
1963 12 06    18
1963 12 13    17
1963 12 20    24
1963 12 27    22
1964 01 03    17
1964 01 10    16
1964 01 17    17
1964 01 24    15
1964 01 31    13
1964 02 07    14
1964 02 14    12
1964 02 21    11
1964 02 28    10
1964 03 06    15
1964 03 13    20
1964 03 20    16
1964 03 27    14
1964 04 03    14
1964 04 10    16
1964 04 17    30
1964 04 24    47
1964 05 01    47
1964 05 08    35
1964 05 15    22
1964 05 22    20
1964 05 29    20
1964 06 05    18
1964 06 12    15
1964 06 19    15
1964 06 26    17
1964 07 03    15
1964 07 10    13
1964 07 17    10
1964 07 24     7
1964 07 31     5
1964 08 07     4
1964 08 14     4
1964 08 21     4
1964 08 28     4
1964 09 04     4
1964 09 11     3
1964 09 18     3
1964 09 25     3
1964 10 02     4
1964 10 09     5
1964 10 16     5
1964 10 23     6
1964 10 30     6
1964 11 06     6
1964 11 13     6
1964 11 20     6
1964 11 27     7
1964 12 04     9
1964 12 11     9
1964 12 18     8
1964 12 25     9
1965 01 01    14
1965 01 08    11
1965 01 15    11
1965 01 22    13
1965 01 29    13
1965 02 05    12
1965 02 12    11
1965 02 19    10
1965 02 26    11
1965 03 05    12
1965 03 12    16
1965 03 19    15
1965 03 26    11
1965 04 02    10
1965 04 09    12
1965 04 16    25
1965 04 23    33
1965 04 30    31
1965 05 07    36
1965 05 14    42
1965 05 21    39
1965 05 28    33
1965 06 04    26
1965 06 11    18
1965 06 18    13
1965 06 25    10
1965 07 02     7
1965 07 09     6
1965 07 16     6
1965 07 23     6
1965 07 30     5
1965 08 06     5
1965 08 13     7
1965 08 20     9
1965 08 27    10
1965 09 03    12
1965 09 10    13
1965 09 17    12
1965 09 24    14
1965 10 01    28
1965 10 08    41
1965 10 15    43
1965 10 22    41
1965 10 29    45
1965 11 05    40
1965 11 12    34
1965 11 19    30
1965 11 26    30
1965 12 03    32
1965 12 10    32
1965 12 17    30
1965 12 24    26
1965 12 31    23
1966 01 07    29
1966 01 14    31
1966 01 21    29
1966 01 28    25
1966 02 04    23
1966 02 11    21
1966 02 18    22
1966 02 25    23
1966 03 04    27
1966 03 11    31
1966 03 18    32
1966 03 25    36
1966 04 01    44
1966 04 08    34
1966 04 15    33
1966 04 22    42
1966 04 29    60
1966 05 06    51
1966 05 13    36
1966 05 20    28
1966 05 27    26
1966 06 03    24
1966 06 10    25
1966 06 17    26
1966 06 24    24
1966 07 01    19
1966 07 08    13
1966 07 15    11
1966 07 22     8
1966 07 29     7
1966 08 05     7
1966 08 12     8
1966 08 19    11
1966 08 26    12
1966 09 02    10
1966 09 09     9
1966 09 16     8
1966 09 23     7
1966 09 30     7
1966 10 07     9
1966 10 14    10
1966 10 21    11
1966 10 28    13
1966 11 04    14
1966 11 11    15
1966 11 18    19
1966 11 25    21
1966 12 02    28
1966 12 09    43
1966 12 16    63
1966 12 23    54
1966 12 30    31
1967 01 06    27
1967 01 13    23
1967 01 20    22
1967 01 27    21
1967 02 03    21
1967 02 10    24
1967 02 17    26
1967 02 24    26
1967 03 03    20
1967 03 10    15
1967 03 17    12
1967 03 24    14
1967 03 31    14
1967 04 07    61
1967 04 14    49
1967 04 21    62
1967 04 28    72
1967 05 05    67
1967 05 12    70
1967 05 19    61
1967 05 26    41
1967 06 02    27
1967 06 09    20
1967 06 16    26
1967 06 23    53
1967 06 30    58
1967 07 07    38
1967 07 14    27
1967 07 21    18
1967 07 28    14
1967 08 04    11
1967 08 11    10
1967 08 18    10
1967 08 25     9
1967 09 01     8
1967 09 08     8
1967 09 15     9
1967 09 22     8
1967 09 29     9
1967 10 06    12
1967 10 13    11
1967 10 20    20
1967 10 27    33
1967 11 03    44
1967 11 10    50
1967 11 17    52
1967 11 24    45
1967 12 01    38
1967 12 08    29
1967 12 15    29
1967 12 22    27
1967 12 29    25
1968 01 05    24
1968 01 12    26
1968 01 19    27
1968 01 26    25
1968 02 02    22
1968 02 09    21
1968 02 16    21
1968 02 23    22
1968 03 01    20
1968 03 08    14
1968 03 15    13
1968 03 22    27
1968 03 29    58
1968 04 05    63
1968 04 12    59
1968 04 19    48
1968 04 26    40
1968 05 03    32
1968 05 10    22
1968 05 17    15
1968 05 24    12
1968 05 31    11
1968 06 07    12
1968 06 14    12
1968 06 21    13
1968 06 28    14
1968 07 05    18
1968 07 12    18
1968 07 19    15
1968 07 26    12
1968 08 02     9
1968 08 09     8
1968 08 16     8
1968 08 23     8
1968 08 30     7
1968 09 06     6
1968 09 13     7
1968 09 20     8
1968 09 27     8
1968 10 04     8
1968 10 11     7
1968 10 18     8
1968 10 25     8
1968 11 01    10
1968 11 08     9
1968 11 15     9
1968 11 22     9
1968 11 29    10
1968 12 06    13
1968 12 13    12
1968 12 20    11
1968 12 27    13
1969 01 03    14
1969 01 10    14
1969 01 17    14
1969 01 24    14
1969 01 31    13
1969 02 07    18
1969 02 14    16
1969 02 21    13
1969 02 28    11
1969 03 07    11
1969 03 14    10
1969 03 21     9
1969 03 28    23
1969 04 04    30
1969 04 11    40
1969 04 18    55
1969 04 25    60
1969 05 02    61
1969 05 09    54
1969 05 16    51
1969 05 23    66
1969 05 30    51
1969 06 06    37
1969 06 13    29
1969 06 20    25
1969 06 27    24
1969 07 04    21
1969 07 11    18
1969 07 18    15
1969 07 25    14
1969 08 01    13
1969 08 08    14
1969 08 15    11
1969 08 22    11
1969 08 29     9
1969 09 05     7
1969 09 12     6
1969 09 19     6
1969 09 26     6
1969 10 03     7
1969 10 10     7
1969 10 17     8
1969 10 24     9
1969 10 31    11
1969 11 07    15
1969 11 14    20
1969 11 21    23
1969 11 28    28
1969 12 05    23
1969 12 12    21
1969 12 19    20
1969 12 26    18
1970 01 02    16
1970 01 09    16
1970 01 16    15
1970 01 23    17
1970 01 30    13
1970 02 06    12
1970 02 13    11
1970 02 20    12
1970 02 27    10
1970 03 06    10
1970 03 13    11
1970 03 20    12
1970 03 27    12
1970 04 03    12
1970 04 10    18
1970 04 17    41
1970 04 24    59
1970 05 01    55
1970 05 08    64
1970 05 15    51
1970 05 22    52
1970 05 29    35
1970 06 05    35
1970 06 12    40
1970 06 19    32
1970 06 26    21
1970 07 03    18
1970 07 10    18
1970 07 17    20
1970 07 24    25
1970 07 31    39
1970 08 07    27
1970 08 14    18
1970 08 21    12
1970 08 28    10
1970 09 04     9
1970 09 11     8
1970 09 18     8
1970 09 25     9
1970 10 02     8
1970 10 09    10
1970 10 16    12
1970 10 23    13
1970 10 30    12
1970 11 06    13
1970 11 13    14
1970 11 20    19
1970 11 27    19
1970 12 04    16
1970 12 11    16
1970 12 18    16
1970 12 25    16
1971 01 01    15
1971 01 08    12
1971 01 15    17
1971 01 22    19
1971 01 29    15
1971 02 05    14
1971 02 12    14
1971 02 19    14
1971 02 26    16
1971 03 05    16
1971 03 12    17
1971 03 19    16
1971 03 26    14
1971 04 02    15
1971 04 09    17
1971 04 16    39
1971 04 23    80
1971 04 30    84
1971 05 07    82
1971 05 14    74
1971 05 21    42
1971 05 28    27
1971 06 04    23
1971 06 11    20
1971 06 18    15
1971 06 25    12
1971 07 02     8
1971 07 09     7
1971 07 16     6
1971 07 23     6
1971 07 30     5
1971 08 06     4
1971 08 13     4
1971 08 20     4
1971 08 27     4
1971 09 03     4
1971 09 10     4
1971 09 17     4
1971 09 24     6
1971 10 01     6
1971 10 08     5
1971 10 15     6
1971 10 22     6
1971 10 29     5
1971 11 05     5
1971 11 12     5
1971 11 19     5
1971 11 26     6
1971 12 03     7
1971 12 10     8
1971 12 17    10
1971 12 24    11
1971 12 31    10
1972 01 07    10
1972 01 14    10
1972 01 21    11
1972 01 28    11
1972 02 04    11
1972 02 11    12
1972 02 18    12
1972 02 25    12
1972 03 03    12
1972 03 10    12
1972 03 17    11
1972 03 24    11
1972 03 31    14
1972 04 07    16
1972 04 14    24
1972 04 21    66
1972 04 28    68
1972 05 05    80
1972 05 12    91
1972 05 19    85
1972 05 26    65
1972 06 02    44
1972 06 09    31
1972 06 16    25
1972 06 23    21
1972 06 30    57
1972 07 07    39
1972 07 14    26
1972 07 21    30
1972 07 28    37
1972 08 04    33
1972 08 11    28
1972 08 18    25
1972 08 25    22
1972 09 01    24
1972 09 08    25
1972 09 15    21
1972 09 22    16
1972 09 29    15
1972 10 06    18
1972 10 13    20
1972 10 20    19
1972 10 27    25
1972 11 03    30
1972 11 10    35
1972 11 17    40
1972 11 24    31
1972 12 01    30
1972 12 08    24
1972 12 15    21
1972 12 22    18
1972 12 29    15
1973 01 05    20
1973 01 12    29
1973 01 19    28
1973 01 26    24
1973 02 02    26
1973 02 09    29
1973 02 16    27
1973 02 23    24
1973 03 02    23
1973 03 09    26
1973 03 16    47
1973 03 23    89
1973 03 30    65
1973 04 06    76
1973 04 13    70
1973 04 20    55
1973 04 27    58
1973 05 04    65
1973 05 11    66
1973 05 18    65
1973 05 25    55
1973 06 01    38
1973 06 08    34
1973 06 15    35
1973 06 22    47
1973 06 29    40
1973 07 06    44
1973 07 13    36
1973 07 20    24
1973 07 27    19
1973 08 03    17
1973 08 10    18
1973 08 17    16
1973 08 24    13
1973 08 31    12
1973 09 07    11
1973 09 14    10
1973 09 21    11
1973 09 28    11
1973 10 05    15
1973 10 12    16
1973 10 19    17
1973 10 26    17
1973 11 02    16
1973 11 09    18
1973 11 16    18
1973 11 23    15
1973 11 30    20
1973 12 07    21
1973 12 14    22
1973 12 21    23
1973 12 28    21
1974 01 04    22
1974 01 11    23
1974 01 18    22
1974 01 25    19
1974 02 01    18
1974 02 08    19
1974 02 15    16
1974 02 22    11
1974 03 01    16
1974 03 08    28
1974 03 15    51
1974 03 22    29
1974 03 29    24
1974 04 05    35
1974 04 12    47
1974 04 19    64
1974 04 26    77
1974 05 03    84
1974 05 10    89
1974 05 17   104
1974 05 24   122
1974 05 31   112
1974 06 07    88
1974 06 14    69
1974 06 21    58
1974 06 28    55
1974 07 05    41
1974 07 12    36
1974 07 19    31
1974 07 26    24
1974 08 02    18
1974 08 09    17
1974 08 16    14
1974 08 23    11
1974 08 30     8
1974 09 06     7
1974 09 13     8
1974 09 20     8
1974 09 27     8
1974 10 04     8
1974 10 11     9
1974 10 18    10
1974 10 25    11
1974 11 01    12
1974 11 08    14
1974 11 15    20
1974 11 22    24
1974 11 29    27
1974 12 06    22
1974 12 13    25
1974 12 20    23
1974 12 27    21
1975 01 03    20
1975 01 10    20
1975 01 17    22
1975 01 24    24
1975 01 31    18
1975 02 07    19
1975 02 14    17
1975 02 21    17
1975 02 28    17
1975 03 07    17
1975 03 14    15
1975 03 21    20
1975 03 28    30
1975 04 04    27
1975 04 11    20
1975 04 18    35
1975 04 25    67
1975 05 02    82
1975 05 09    74
1975 05 16    50
1975 05 23    27
1975 05 30    18
1975 06 06    21
1975 06 13    30
1975 06 20    28
1975 06 27    22
1975 07 04    14
1975 07 11     9
1975 07 18     6
1975 07 25     5
1975 08 01     4
1975 08 08     4
1975 08 15     3
1975 08 22     2
1975 08 29     2
1975 09 05     3
1975 09 12     3
1975 09 19     3
1975 09 26     5
1975 10 03     6
1975 10 10     5
1975 10 17     6
1975 10 24    10
1975 10 31     9
1975 11 07     9
1975 11 14    12
1975 11 21    13
1975 11 28    10
1975 12 05    12
1975 12 12    14
1975 12 19    23
1975 12 26    27
1976 01 02    23
1976 01 09    16
1976 01 16    19
1976 01 23    17
1976 01 30    18
1976 02 06    22
1976 02 13    18
1976 02 20    15
1976 02 27    13
1976 03 05    17
1976 03 12    18
1976 03 19    20
1976 03 26    42
1976 04 02    86
1976 04 09   126
1976 04 16    90
1976 04 23    81
1976 04 30    83
1976 05 07    62
1976 05 14    58
1976 05 21    62
1976 05 28    69
1976 06 04    54
1976 06 11    34
1976 06 18    23
1976 06 25    20
1976 07 02    20
1976 07 09    23
1976 07 16    22
1976 07 23    18
1976 07 30    15
1976 08 06    13
1976 08 13    11
1976 08 20    12
1976 08 27    10
1976 09 03     9
1976 09 10     8
1976 09 17     8
1976 09 24     9
1976 10 01    10
1976 10 08     9
1976 10 15    13
1976 10 22    12
1976 10 29    13
1976 11 05    12
1976 11 12     9
1976 11 19     8
1976 11 26     8
1976 12 03     8
1976 12 10     9
1976 12 17    10
1976 12 24    12
1976 12 31    15
1977 01 07    16
1977 01 14    13
1977 01 21    12
1977 01 28    13
1977 02 04    12
1977 02 11     9
1977 02 18     7
1977 02 25     6
1977 03 04     8
1977 03 11    16
1977 03 18    49
1977 03 25    69
1977 04 01    42
1977 04 08    63
1977 04 15    45
1977 04 22    49
1977 04 29    61
1977 05 06    51
1977 05 13    36
1977 05 20    22
1977 05 27    14
1977 06 03     9
1977 06 10     7
1977 06 17     6
1977 06 24     6
1977 07 01     7
1977 07 08     8
1977 07 15     7
1977 07 22     6
1977 07 29     5
1977 08 05     5
1977 08 12     4
1977 08 19     4
1977 08 26     4
1977 09 02     5
1977 09 09     6
1977 09 16     6
1977 09 23     6
1977 09 30     9
1977 10 07    17
1977 10 14    16
1977 10 21    16
1977 10 28    13
1977 11 04    11
1977 11 11    12
1977 11 18    18
1977 11 25    21
1977 12 02    23
1977 12 09    26
1977 12 16    25
1977 12 23    21
1977 12 30    15
1978 01 06    20
1978 01 13    29
1978 01 20    39
1978 01 27    34
1978 02 03    31
1978 02 10    32
1978 02 17    29
1978 02 24    24
1978 03 03    22
1978 03 10    20
1978 03 17    16
1978 03 24    17
1978 03 31    15
1978 04 07    24
1978 04 14    40
1978 04 21    71
1978 04 28    72
1978 05 05    66
1978 05 12    55
1978 05 19    44
1978 05 26    34
1978 06 02    21
1978 06 09    15
1978 06 16    15
1978 06 23    17
1978 06 30    13
1978 07 07     9
1978 07 14     8
1978 07 21     7
1978 07 28     6
1978 08 04     6
1978 08 11     6
1978 08 18     6
1978 08 25     5
1978 09 01     4
1978 09 08     4
1978 09 15     3
1978 09 22     4
1978 09 29     4
1978 10 06     6
1978 10 13     8
1978 10 20    12
1978 10 27    13
1978 11 03    11
1978 11 10     9
1978 11 17     9
1978 11 24    11
1978 12 01    10
1978 12 08     9
1978 12 15     9
1978 12 22    11
1978 12 29     9
1979 01 05     9
1979 01 12    10
1979 01 19    14
1979 01 26    15
1979 02 02    15
1979 02 09    15
1979 02 16    16
1979 02 23    13
1979 03 02    12
1979 03 09    15
1979 03 16    22
1979 03 23    28
1979 03 30    73
1979 04 06    76
1979 04 13    60
1979 04 20    57
1979 04 27    63
1979 05 04    88
1979 05 11    96
1979 05 18    82
1979 05 25    67
1979 06 01    46
1979 06 08    34
1979 06 15    26
1979 06 22    26
1979 06 29    19
1979 07 06    19
1979 07 13    16
1979 07 20    12
1979 07 27     9
1979 08 03     8
1979 08 10     7
1979 08 17     8
1979 08 24     9
1979 08 31    10
1979 09 07     9
1979 09 14    10
1979 09 21    14
1979 09 28    12
1979 10 05    11
1979 10 12    17
1979 10 19    21
1979 10 26    25
1979 11 02    32
1979 11 09    34
1979 11 16    29
1979 11 23    24
1979 11 30    35
1979 12 07    47
1979 12 14    36
1979 12 21    32
1979 12 28    38
1980 01 04    33
1980 01 11    26
1980 01 18    25
1980 01 25    25
1980 02 01    26
1980 02 08    26
1980 02 15    21
1980 02 22    17
1980 02 29    16
1980 03 07    13
1980 03 14    11
1980 03 21    17
1980 03 28    39
1980 04 04    40
1980 04 11    45
1980 04 18    63
1980 04 25    62
1980 05 02    47
1980 05 09    49
1980 05 16    40
1980 05 23    32
1980 05 30    22
1980 06 06    16
1980 06 13    12
1980 06 20     9
1980 06 27    12
1980 07 04    14
1980 07 11    12
1980 07 18    10
1980 07 25    12
1980 08 01    14
1980 08 08    22
1980 08 15    17
1980 08 22    14
1980 08 29    11
1980 09 05    10
1980 09 12     9
1980 09 19    10
1980 09 26    12
1980 10 03    17
1980 10 10    21
1980 10 17    24
1980 10 24    21
1980 10 31    29
1980 11 07    34
1980 11 14    30
1980 11 21    20
1980 11 28    20
1980 12 05    24
1980 12 12    25
1980 12 19    21
1980 12 26    17
1981 01 02    15
1981 01 09    15
1981 01 16    13
1981 01 23    13
1981 01 30    14
1981 02 06    12
1981 02 13    13
1981 02 20    21
1981 02 27    83
1981 03 06    67
1981 03 13    46
1981 03 20    35
1981 03 27    33
1981 04 03    48
1981 04 10    73
1981 04 17    79
1981 04 24    71
1981 05 01    49
1981 05 08    29
1981 05 15    32
1981 05 22    53
1981 05 29    45
1981 06 05    39
1981 06 12    35
1981 06 19    34
1981 06 26    33
1981 07 03    29
1981 07 10    21
1981 07 17    14
1981 07 24    10
1981 07 31     7
1981 08 07     8
1981 08 14    10
1981 08 21    11
1981 08 28     8
1981 09 04     8
1981 09 11    17
1981 09 18    23
1981 09 25    19
1981 10 02    17
1981 10 09    14
1981 10 16    15
1981 10 23    14
1981 10 30    31
1981 11 06    30
1981 11 13    23
1981 11 20    22
1981 11 27    21
1981 12 04    18
1981 12 11    15
1981 12 18    13
1981 12 25    12
1982 01 01    12
1982 01 08    11
1982 01 15    10
1982 01 22     9
1982 01 29     9
1982 02 05    10
1982 02 12    11
1982 02 19    11
1982 02 26    12
1982 03 05    14
1982 03 12    14
1982 03 19    13
1982 03 26    14
1982 04 02    24
1982 04 09    41
1982 04 16    29
1982 04 23    54
1982 04 30    62
1982 05 07    57
1982 05 14    38
1982 05 21    19
1982 05 28    10
1982 06 04     8
1982 06 11     9
1982 06 18    11
1982 06 25    12
1982 07 02    13
1982 07 09    11
1982 07 16     9
1982 07 23     6
1982 07 30     4
1982 08 06     4
1982 08 13     4
1982 08 20     3
1982 08 27     4
1982 09 03     4
1982 09 10     4
1982 09 17     4
1982 09 24     4
1982 10 01     5
1982 10 08     6
1982 10 15     7
1982 10 22     8
1982 10 29     9
1982 11 05    14
1982 11 12    17
1982 11 19    18
1982 11 26    18
1982 12 03    22
1982 12 10    28
1982 12 17    28
1982 12 24    27
1982 12 31    32
1983 01 07    35
1983 01 14    30
1983 01 21    23
1983 01 28    22
1983 02 04    25
1983 02 11    26
1983 02 18    22
1983 02 25    19
1983 03 04    18
1983 03 11    20
1983 03 18    32
1983 03 25    37
1983 04 01    29
1983 04 08    28
1983 04 15    39
1983 04 22    59
1983 04 29    46
1983 05 06    61
1983 05 13    85
1983 05 20    81
1983 05 27    65
1983 06 03    61
1983 06 10    61
1983 06 17    41
1983 06 24    23
1983 07 01    17
1983 07 08    13
1983 07 15     8
1983 07 22     7
1983 07 29     6
1983 08 05     6
1983 08 12     5
1983 08 19     5
1983 08 26     5
1983 09 02     5
1983 09 09     5
1983 09 16     4
1983 09 23     4
1983 09 30     4
1983 10 07     6
1983 10 14     8
1983 10 21     9
1983 10 28     9
1983 11 04    11
1983 11 11    14
1983 11 18    17
1983 11 25    20
1983 12 02    22
1983 12 09    18
1983 12 16    16
1983 12 23    22
1983 12 30    20
1984 01 06    16
1984 01 13    14
1984 01 20    13
1984 01 27    13
1984 02 03    13
1984 02 10    13
1984 02 17    14
1984 02 24    23
1984 03 02    33
1984 03 09    31
1984 03 16    27
1984 03 23    20
1984 03 30    24
1984 04 06    42
1984 04 13    64
1984 04 20    73
1984 04 27    70
1984 05 04    59
1984 05 11    48
1984 05 18    36
1984 05 25    31
1984 06 01    37
1984 06 08    49
1984 06 15    32
1984 06 22    24
1984 06 29    25
1984 07 06    27
1984 07 13    21
1984 07 20    17
1984 07 27    17
1984 08 03    14
1984 08 10    10
1984 08 17     8
1984 08 24     9
1984 08 31     9
1984 09 07     9
1984 09 14     7
1984 09 21     7
1984 09 28     6
1984 10 05     5
1984 10 12     5
1984 10 19     6
1984 10 26     5
1984 11 02     5
1984 11 09     6
1984 11 16    11
1984 11 23    12
1984 11 30    11
1984 12 07    12
1984 12 14    10
1984 12 21    11
1984 12 28    12
1985 01 04    16
1985 01 11    22
1985 01 18    27
1985 01 25    25
1985 02 01    22
1985 02 08    20
1985 02 15    21
1985 02 22    18
1985 03 01    21
1985 03 08    30
1985 03 15    35
1985 03 22    40
1985 03 29    36
1985 04 05    37
1985 04 12    36
1985 04 19    44
1985 04 26    62
1985 05 03    78
1985 05 10    76
1985 05 17    58
1985 05 24    39
1985 05 31    27
1985 06 07    19
1985 06 14    15
1985 06 21    13
1985 06 28    11
1985 07 05    10
1985 07 12     9
1985 07 19     8
1985 07 26     9
1985 08 02    12
1985 08 09    18
1985 08 16    10
1985 08 23     8
1985 08 30     9
1985 09 06     8
1985 09 13     7
1985 09 20     7
1985 09 27     8
1985 10 04     9
1985 10 11    10
1985 10 18    10
1985 10 25    10
1985 11 01     9
1985 11 08     8
1985 11 15    10
1985 11 22    13
1985 11 29    14
1985 12 06    16
1985 12 13    16
1985 12 20    17
1985 12 27    15
1986 01 03    14
1986 01 10    15
1986 01 17    16
1986 01 24    18
1986 01 31    23
1986 02 07    23
1986 02 14    24
1986 02 21    19
1986 02 28    18
1986 03 07    14
1986 03 14    12
1986 03 21    17
1986 03 28    28
1986 04 04    45
1986 04 11    54
1986 04 18    48
1986 04 25    39
1986 05 02    31
1986 05 09    25
1986 05 16    30
1986 05 23    34
1986 05 30    51
1986 06 06    40
1986 06 13    32
1986 06 20    24
1986 06 27    21
1986 07 04    20
1986 07 11    18
1986 07 18    14
1986 07 25    13
1986 08 01    13
1986 08 08    15
1986 08 15    16
1986 08 22    13
1986 08 29    13
1986 09 05    12
1986 09 12    17
1986 09 19    19
1986 09 26    16
1986 10 03    19
1986 10 10    23
1986 10 17    22
1986 10 24    24
1986 10 31    24
1986 11 07    25
1986 11 14    24
1986 11 21    22
1986 11 28    23
1986 12 05    26
1986 12 12    29
1986 12 19    25
1986 12 26    21
1987 01 02    21
1987 01 09    21
1987 01 16    20
1987 01 23    16
1987 01 30    19
1987 02 06    18
1987 02 13    20
1987 02 20    21
1987 02 27    18
1987 03 06    16
1987 03 13    16
1987 03 20    13
1987 03 27    34
1987 04 03    58
1987 04 10    64
1987 04 17    50
1987 04 24    34
1987 05 01    18
1987 05 08    12
1987 05 15    11
1987 05 22    10
1987 05 29    11
1987 06 05    12
1987 06 12    15
1987 06 19    13
1987 06 26     9
1987 07 03     7
1987 07 10     7
1987 07 17     8
1987 07 24     7
1987 07 31     7
1987 08 07     4
1987 08 14     4
1987 08 21     4
1987 08 28     3
1987 09 04     3
1987 09 11     4
1987 09 18     4
1987 09 25     3
1987 10 02     3
1987 10 09     4
1987 10 16     5
1987 10 23     5
1987 10 30     7
1987 11 06     9
1987 11 13    10
1987 11 20    10
1987 11 27     9
1987 12 04    17
1987 12 11    20
1987 12 18    17
1987 12 25    19
1988 01 01    20
1988 01 08    20
1988 01 15    18
1988 01 22    17
1988 01 29    17
1988 02 05    19
1988 02 12    20
1988 02 19    18
1988 02 26    17
1988 03 04    15
1988 03 11    12
1988 03 18     9
1988 03 25    12
1988 04 01    23
1988 04 08    46
1988 04 15    58
1988 04 22    47
1988 04 29    42
1988 05 06    49
1988 05 13    39
1988 05 20    28
1988 05 27    23
1988 06 03    18
1988 06 10    13
1988 06 17     8
1988 06 24     6
1988 07 01     5
1988 07 08     5
1988 07 15     4
1988 07 22     3
1988 07 29     4
1988 08 05     4
1988 08 12     4
1988 08 19     5
1988 08 26     7
1988 09 02     9
1988 09 09    10
1988 09 16     9
1988 09 23     9
1988 09 30     8
1988 10 07    12
1988 10 14    22
1988 10 21    22
1988 10 28    39
1988 11 04    48
1988 11 11    53
1988 11 18    56
1988 11 25    52
1988 12 02    43
1988 12 09    31
1988 12 16    19
1988 12 23    21
1988 12 30    20
1989 01 06    20
1989 01 13    24
1989 01 20    25
1989 01 27    25
1989 02 03    26
1989 02 10    26
1989 02 17    24
1989 02 24    22
1989 03 03    17
1989 03 10    14
1989 03 17    14
1989 03 24    18
1989 03 31    29
1989 04 07    47
1989 04 14    38
1989 04 21    32
1989 04 28    28
1989 05 05    29
1989 05 12    35
1989 05 19    40
1989 05 26    38
1989 06 02    35
1989 06 09    37
1989 06 16    34
1989 06 23    42
1989 06 30    22
1989 07 07    14
1989 07 14    12
1989 07 21     8
1989 07 28     6
1989 08 04     6
1989 08 11     5
1989 08 18     5
1989 08 25     4
1989 09 01     4
1989 09 08     4
1989 09 15     5
1989 09 22     4
1989 09 29     5
1989 10 06     5
1989 10 13     5
1989 10 20     6
1989 10 27     9
1989 11 03    10
1989 11 10    11
1989 11 17    23
1989 11 24    36
1989 12 01    24
1989 12 08    22
1989 12 15    22
1989 12 22    24
1989 12 29    18
1990 01 05    18
1990 01 12    19
1990 01 19    21
1990 01 26    23
1990 02 02    24
1990 02 09    23
1990 02 16    22
1990 02 23    19
1990 03 02    16
1990 03 09    13
1990 03 16    18
1990 03 23    51
1990 03 30    47
1990 04 06    49
1990 04 13    46
1990 04 20    43
1990 04 27    47
1990 05 04    51
1990 05 11    40
1990 05 18    25
1990 05 25    27
1990 06 01    33
1990 06 08    23
1990 06 15    13
1990 06 22    11
1990 06 29    13
1990 07 06    17
1990 07 13    14
1990 07 20    13
1990 07 27    12
1990 08 03     9
1990 08 10     6
1990 08 17     5
1990 08 24     4
1990 08 31     4
1990 09 07     4
1990 09 14     3
1990 09 21     4
1990 09 28     5
1990 10 05    10
1990 10 12    16
1990 10 19    26
1990 10 26    30
1990 11 02    29
1990 11 09    28
1990 11 16    27
1990 11 23    20
1990 11 30    31
1990 12 07    48
1990 12 14    44
1990 12 21    35
1990 12 28    41
1991 01 04    41
1991 01 11    37
1991 01 18    35
1991 01 25    34
1991 02 01    30
1991 02 08    26
1991 02 15    28
1991 02 22    29
1991 03 01    32
1991 03 08    30
1991 03 15    32
1991 03 22    31
1991 03 29    38
1991 04 05    45
1991 04 12    66
1991 04 19    73
1991 04 26    69
1991 05 03    68
1991 05 10    58
1991 05 17    36
1991 05 24    21
1991 05 31    14
1991 06 07    16
1991 06 14    12
1991 06 21     8
1991 06 28     7
1991 07 05     6
1991 07 12     5
1991 07 19     4
1991 07 26     3
1991 08 02     3
1991 08 09     3
1991 08 16     4
1991 08 23     3
1991 08 30     4
1991 09 06     4
1991 09 13     5
1991 09 20     5
1991 09 27     4
1991 10 04     5
1991 10 11     7
1991 10 18    10
1991 10 25    11
1991 11 01    10
1991 11 08    14
1991 11 15    11
1991 11 22    13
1991 11 29    16
1991 12 06    17
1991 12 13    22
1991 12 20    26
1991 12 27    25
1992 01 03    22
1992 01 10    20
1992 01 17    23
1992 01 24    30
1992 01 31    28
1992 02 07    26
1992 02 14    26
1992 02 21    25
1992 02 28    21
1992 03 06    18
1992 03 13    21
1992 03 20    20
1992 03 27    19
1992 04 03    24
1992 04 10    31
1992 04 17    32
1992 04 24    36
1992 05 01    66
1992 05 08    59
1992 05 15    48
1992 05 22    35
1992 05 29    24
1992 06 05    17
1992 06 12    12
1992 06 19     8
1992 06 26     7
1992 07 03     6
1992 07 10     7
1992 07 17     9
1992 07 24    13
1992 07 31     8
1992 08 07     8
1992 08 14     8
1992 08 21     6
1992 08 28     7
1992 09 04    10
1992 09 11    11
1992 09 18    12
1992 09 25    17
1992 10 02    26
1992 10 09    22
1992 10 16    18
1992 10 23    21
1992 10 30    26
1992 11 06    26
1992 11 13    34
1992 11 20    42
1992 11 27    45
1992 12 04    41
1992 12 11    33
1992 12 18    25
1992 12 25    25
1993 01 01    26
1993 01 08    30
1993 01 15    24
1993 01 22    25
1993 01 29    26
1993 02 05    24
1993 02 12    23
1993 02 19    23
1993 02 26    24
1993 03 05    23
1993 03 12    20
1993 03 19    16
1993 03 26    15
1993 04 02    22
1993 04 09    43
1993 04 16    68
1993 04 23    63
1993 04 30    64
1993 05 07    37
1993 05 14    27
1993 05 21    20
1993 05 28    19
1993 06 04    25
1993 06 11    29
1993 06 18    27
1993 06 25    23
1993 07 02    21
1993 07 09    17
1993 07 16    12
1993 07 23     7
1993 07 30     6
1993 08 06     6
1993 08 13     6
1993 08 20     5
1993 08 27     5
1993 09 03     6
1993 09 10     6
1993 09 17     6
1993 09 24     6
1993 10 01     9
1993 10 08    12
1993 10 15    13
1993 10 22    26
1993 10 29    39
1993 11 05    38
1993 11 12    34
1993 11 19    29
1993 11 26    27
1993 12 03    32
1993 12 10    36
1993 12 17    28
1993 12 24    22
1993 12 31    19
1994 01 07    17
1994 01 14    21
1994 01 21    21
1994 01 28    22
1994 02 04    22
1994 02 11    22
1994 02 18    23
1994 02 25    25
1994 03 04    26
1994 03 11    25
1994 03 18    21
1994 03 25    16
1994 04 01    16
1994 04 08    20
1994 04 15    43
1994 04 22    55
1994 04 29    37
1994 05 06    33
1994 05 13    29
1994 05 20    32
1994 05 27    36
1994 06 03    37
1994 06 10    34
1994 06 17    25
1994 06 24    22
1994 07 01    23
1994 07 08    30
1994 07 15    29
1994 07 22    27
1994 07 29    28
1994 08 05    31
1994 08 12    29
1994 08 19    20
1994 08 26    14
1994 09 02    12
1994 09 09    12
1994 09 16    11
1994 09 23     9
1994 09 30     6
1994 10 07     7
1994 10 14     7
1994 10 21     7
1994 10 28     9
1994 11 04    13
1994 11 11    18
1994 11 18    19
1994 11 25    16
1994 12 02    16
1994 12 09    19
1994 12 16    21
1994 12 23    18
1994 12 30    17
1995 01 06    19
1995 01 13    21
1995 01 20    40
1995 01 27    43
1995 02 03    36
1995 02 10    32
1995 02 17    30
1995 02 24    26
1995 03 03    23
1995 03 10    22
1995 03 17    31
1995 03 24    49
1995 03 31    42
1995 04 07    25
1995 04 14    19
1995 04 21    14
1995 04 28    15
1995 05 05    16
1995 05 12    16
1995 05 19    25
1995 05 26    35
1995 06 02    43
1995 06 09    45
1995 06 16    28
1995 06 23    16
1995 06 30    10
1995 07 07     9
1995 07 14     5
1995 07 21     4
1995 07 28     7
1995 08 04     8
1995 08 11     7
1995 08 18     5
1995 08 25     4
1995 09 01     3
1995 09 08     3
1995 09 15     3
1995 09 22     2
1995 09 29     2
1995 10 06     4
1995 10 13     6
1995 10 20     8
1995 10 27    11
1995 11 03    14
1995 11 10    16
1995 11 17    23
1995 11 24    33
1995 12 01    25
1995 12 08    20
1995 12 15    17
1995 12 22    19
1995 12 29    17
1996 01 05   -66
1996 01 12
1996 01 19
1996 01 26
1996 02 02
1996 02 09
1996 02 16
1996 02 23
1996 03 01
1996 03 08
1996 03 15
1996 03 22
1996 03 29
1996 04 05
1996 04 12
1996 04 19
1996 04 26
1996 05 03
1996 05 10
1996 05 17
1996 05 24
1996 05 31
1996 06 07
1996 06 14
1996 06 21
1996 06 28
1996 07 05
1996 07 12
1996 07 19
1996 07 26
1996 08 02
1996 08 09
1996 08 16
1996 08 23
1996 08 30
1996 09 06
1996 09 13
1996 09 20
1996 09 27
1996 10 04
1996 10 11
1996 10 18
1996 10 25
1996 11 01
1996 11 08
1996 11 15
1996 11 22
1996 11 29
1996 12 06
1996 12 13
1996 12 20
1996 12 27
1997 01 03
1997 01 10
1997 01 17
1997 01 24
1997 01 31
1997 02 07
1997 02 14
1997 02 21
1997 02 28
1997 03 07
1997 03 14
1997 03 21
1997 03 28
1997 04 04
1997 04 11
1997 04 18
1997 04 25
1997 05 02
1997 05 09
1997 05 16
1997 05 23
1997 05 30
1997 06 06
1997 06 13
1997 06 20
1997 06 27
1997 07 04
1997 07 11
1997 07 18
1997 07 25
1997 08 01
1997 08 08
1997 08 15
1997 08 22
1997 08 29
1997 09 05
1997 09 12
1997 09 19
1997 09 26
1997 10 03
1997 10 10
1997 10 17
1997 10 24
1997 10 31
1997 11 07
1997 11 14
1997 11 21
1997 11 28
1997 12 05
1997 12 12
1997 12 19
1997 12 26
1998 01 02
1998 01 09
1998 01 16
1998 01 23
1998 01 30
1998 02 06
1998 02 13
1998 02 20
1998 02 27
1998 03 06
1998 03 13
1998 03 20
1998 03 27
1998 04 03
1998 04 10
1998 04 17
1998 04 24
1998 05 01
1998 05 08
1998 05 15
1998 05 22
1998 05 29
1998 06 05
1998 06 12
1998 06 19
1998 06 26
1998 07 03
1998 07 10
1998 07 17
1998 07 24
1998 07 31
1998 08 07
1998 08 14
1998 08 21
1998 08 28
1998 09 04
1998 09 11
1998 09 18
1998 09 25
1998 10 02
1998 10 09
1998 10 16
1998 10 23
1998 10 30
1998 11 06
1998 11 13
1998 11 20
1998 11 27
1998 12 04
1998 12 11
1998 12 18
1998 12 25
1999 01 01
1999 01 08
1999 01 15
1999 01 22
1999 01 29
1999 02 05
1999 02 12
1999 02 19
1999 02 26
1999 03 05
1999 03 12
1999 03 19
1999 03 26
1999 04 02
1999 04 09
1999 04 16
1999 04 23
1999 04 30
1999 05 07
1999 05 14
1999 05 21
1999 05 28
1999 06 04
1999 06 11
1999 06 18
1999 06 25
1999 07 02
1999 07 09
1999 07 16
1999 07 23
1999 07 30
1999 08 06
1999 08 13
1999 08 20
1999 08 27
1999 09 03
1999 09 10
1999 09 17
1999 09 24
1999 10 01
1999 10 08
1999 10 15
1999 10 22
1999 10 29
1999 11 05
1999 11 12
1999 11 19
1999 11 26
1999 12 03
1999 12 10
1999 12 17
1999 12 24
1999 12 31
