# Lake Ontario Flow Deviations
Units: 10m3s
Interval: Weekly
1960 10 07      23
1960 10 14      10
1960 10 21       1
1960 10 28       0
1960 11 04       0
1960 11 11       0
1960 11 18       0
1960 11 25       0
1960 12 02       0
1960 12 09       0
1960 12 16       0
1960 12 23       0
1960 12 30       0
1961 01 06       0
1961 01 13       0
1961 01 20       0
1961 01 27       0
1961 02 03       0
1961 02 10       0
1961 02 17       0
1961 02 24       0
1961 03 03       0
1961 03 10       0
1961 03 17       0
1961 03 24       0
1961 03 31       0
1961 04 07       0
1961 04 14       0
1961 04 21       0
1961 04 28      -4
1961 05 05     -28
1961 05 12     -56
1961 05 19     -60
1961 05 26     -33
1961 06 02       1
1961 06 09      21
1961 06 16      12
1961 06 23      17
1961 06 30       6
1961 07 07      -6
1961 07 14     -10
1961 07 21     -23
1961 07 28     -27
1961 08 04     -25
1961 08 11     -23
1961 08 18     -23
1961 08 25     -16
1961 09 01       2
1961 09 08      -3
1961 09 15       3
1961 09 22       6
1961 09 29       3
1961 10 06       6
1961 10 13      10
1961 10 20       9
1961 10 27      26
1961 11 03      46
1961 11 10      52
1961 11 17      46
1961 11 24      40
1961 12 01      33
1961 12 08      11
1961 12 15       6
1961 12 22       8
1961 12 29      11
1962 01 05       3
1962 01 12       0
1962 01 19       0
1962 01 26       0
1962 02 02       0
1962 02 09       0
1962 02 16       0
1962 02 23       0
1962 03 02       0
1962 03 09       0
1962 03 16       0
1962 03 23       0
1962 03 30       0
1962 04 06       0
1962 04 13       0
1962 04 20       0
1962 04 27       0
1962 05 04       0
1962 05 11       0
1962 05 18       0
1962 05 25       0
1962 06 01       0
1962 06 08       0
1962 06 15       0
1962 06 22       0
1962 06 29       0
1962 07 06       0
1962 07 13       0
1962 07 20       0
1962 07 27       0
1962 08 03       0
1962 08 10      -1
1962 08 17      -2
1962 08 24       0
1962 08 31       0
1962 09 07       0
1962 09 14       0
1962 09 21       0
1962 09 28       0
1962 10 05       0
1962 10 12       0
1962 10 19       0
1962 10 26       0
1962 11 02       2
1962 11 09       6
1962 11 16       8
1962 11 23      11
1962 11 30      17
1962 12 07       0
1962 12 14       0
1962 12 21       0
1962 12 28       0
1963 01 04      -3
1963 01 11      -6
1963 01 18      -6
1963 01 25      -4
1963 02 01       2
1963 02 08       9
1963 02 15      -3
1963 02 22      -3
1963 03 01      -3
1963 03 08      -6
1963 03 15     -14
1963 03 22     -34
1963 03 29     -19
1963 04 05      -7
1963 04 12      -5
1963 04 19      -3
1963 04 26       0
1963 05 03       0
1963 05 10       0
1963 05 17       0
1963 05 24       0
1963 05 31      -3
1963 06 07      -6
1963 06 14      -1
1963 06 21       0
1963 06 28       0
1963 07 05       0
1963 07 12       8
1963 07 19      16
1963 07 26      20
1963 08 02      22
1963 08 09      19
1963 08 16      14
1963 08 23      11
1963 08 30      11
1963 09 06       7
1963 09 13       6
1963 09 20      10
1963 09 27      21
1963 10 04      22
1963 10 11      17
1963 10 18      28
1963 10 25      45
1963 11 01      53
1963 11 08      45
1963 11 15       0
1963 11 22      11
1963 11 29      19
1963 12 06       3
1963 12 13       0
1963 12 20       0
1963 12 27       0
1964 01 03       0
1964 01 10       0
1964 01 17       0
1964 01 24       0
1964 01 31       0
1964 02 07       0
1964 02 14       0
1964 02 21       0
1964 02 28      -3
1964 03 06     -24
1964 03 13     -28
1964 03 20     -28
1964 03 27     -33
1964 04 03     -34
1964 04 10     -29
1964 04 17     -26
1964 04 24     -34
1964 05 01     -37
1964 05 08     -37
1964 05 15     -11
1964 05 22       0
1964 05 29       0
1964 06 05       0
1964 06 12       0
1964 06 19       0
1964 06 26       0
1964 07 03       0
1964 07 10       0
1964 07 17       0
1964 07 24       0
1964 07 31       0
1964 08 07       3
1964 08 14      15
1964 08 21      14
1964 08 28      12
1964 09 04       5
1964 09 11       3
1964 09 18       9
1964 09 25      17
1964 10 02      24
1964 10 09      29
1964 10 16      37
1964 10 23      37
1964 10 30      28
1964 11 06      24
1964 11 13      14
1964 11 20      -3
1964 11 27     -17
1964 12 04     -33
1964 12 11     -39
1964 12 18     -46
1964 12 25     -60
1965 01 01     -69
1965 01 08     -74
1965 01 15     -71
1965 01 22     -71
1965 01 29     -71
1965 02 05     -71
1965 02 12     -71
1965 02 19     -71
1965 02 26     -71
1965 03 05     -71
1965 03 12     -71
1965 03 19     -71
1965 03 26     -71
1965 04 02     -59
1965 04 09     -25
1965 04 16      -7
1965 04 23     -11
1965 04 30     -25
1965 05 07     -25
1965 05 14     -28
1965 05 21     -38
1965 05 28     -40
1965 06 04     -33
1965 06 11     -19
1965 06 18      -5
1965 06 25       0
1965 07 02       0
1965 07 09       0
1965 07 16       0
1965 07 23       0
1965 07 30       0
1965 08 06       0
1965 08 13       0
1965 08 20       0
1965 08 27       0
1965 09 03      -7
1965 09 10     -16
1965 09 17     -14
1965 09 24     -16
1965 10 01     -31
1965 10 08     -28
1965 10 15      -8
1965 10 22      20
1965 10 29      20
1965 11 05      16
1965 11 12      17
1965 11 19      22
1965 11 26      17
1965 12 03       5
1965 12 10       0
1965 12 17       0
1965 12 24       0
1965 12 31       0
1966 01 07       0
1966 01 14       0
1966 01 21       0
1966 01 28       0
1966 02 04       0
1966 02 11       0
1966 02 18       0
1966 02 25       0
1966 03 04       0
1966 03 11       0
1966 03 18       9
1966 03 25      17
1966 04 01       7
1966 04 08       0
1966 04 15       0
1966 04 22       0
1966 04 29       0
1966 05 06      -5
1966 05 13      -7
1966 05 20       6
1966 05 27       5
1966 06 03       0
1966 06 10       0
1966 06 17       0
1966 06 24       0
1966 07 01       0
1966 07 08       0
1966 07 15       0
1966 07 22       0
1966 07 29       0
1966 08 05       0
1966 08 12       0
1966 08 19       0
1966 08 26       0
1966 09 02       0
1966 09 09       0
1966 09 16       0
1966 09 23       0
1966 09 30       0
1966 10 07       0
1966 10 14       0
1966 10 21       5
1966 10 28      14
1966 11 04      20
1966 11 11      20
1966 11 18      11
1966 11 25       2
1966 12 02       0
1966 12 09       0
1966 12 16       0
1966 12 23       0
1966 12 30       0
1967 01 06       0
1967 01 13       0
1967 01 20       0
1967 01 27       0
1967 02 03       0
1967 02 10       0
1967 02 17       0
1967 02 24       0
1967 03 03       0
1967 03 10       0
1967 03 17       0
1967 03 24       0
1967 03 31       0
1967 04 07      31
1967 04 14       4
1967 04 21       0
1967 04 28       0
1967 05 05       0
1967 05 12       6
1967 05 19      21
1967 05 26      28
1967 06 02      27
1967 06 09      22
1967 06 16       3
1967 06 23       0
1967 06 30       0
1967 07 07       0
1967 07 14       0
1967 07 21       0
1967 07 28       0
1967 08 04       0
1967 08 11       0
1967 08 18       0
1967 08 25       0
1967 09 01       0
1967 09 08       0
1967 09 15       0
1967 09 22       0
1967 09 29       0
1967 10 06       0
1967 10 13       0
1967 10 20       0
1967 10 27       0
1967 11 03       0
1967 11 10       0
1967 11 17       0
1967 11 24       0
1967 12 01       0
1967 12 08       0
1967 12 15       0
1967 12 22     144
1967 12 29     113
1968 01 05      87
1968 01 12      74
1968 01 19      68
1968 01 26      59
1968 02 02      48
1968 02 09      30
1968 02 16      -4
1968 02 23     -20
1968 03 01     -37
1968 03 08     -54
1968 03 15     -42
1968 03 22     -42
1968 03 29     -33
1968 04 05      -9
1968 04 12      -2
1968 04 19     -17
1968 04 26     -33
1968 05 03     -33
1968 05 10     -28
1968 05 17     -40
1968 05 24     -33
1968 05 31     -28
1968 06 07     -37
1968 06 14     -32
1968 06 21     -34
1968 06 28     -22
1968 07 05     -15
1968 07 12     -14
1968 07 19     -12
1968 07 26     -10
1968 08 02      -8
1968 08 09      -7
1968 08 16       0
1968 08 23       0
1968 08 30       0
1968 09 06       0
1968 09 13       0
1968 09 20       0
1968 09 27       0
1968 10 04       0
1968 10 11       0
1968 10 18       0
1968 10 25       0
1968 11 01       0
1968 11 08       0
1968 11 15       0
1968 11 22       0
1968 11 29       0
1968 12 06       0
1968 12 13       4
1968 12 20      -6
1968 12 27     -37
1969 01 03     -33
1969 01 10       8
1969 01 17      31
1969 01 24      44
1969 01 31      65
1969 02 07      28
1969 02 14     -28
1969 02 21     -14
1969 02 28     -23
1969 03 07     -20
1969 03 14     -15
1969 03 21      -7
1969 03 28      -2
1969 04 04       0
1969 04 11       0
1969 04 18       0
1969 04 25       0
1969 05 02       0
1969 05 09       0
1969 05 16       0
1969 05 23       0
1969 05 30       0
1969 06 06       0
1969 06 13       0
1969 06 20       0
1969 06 27       0
1969 07 04       0
1969 07 11       0
1969 07 18       0
1969 07 25       0
1969 08 01       0
1969 08 08       0
1969 08 15       0
1969 08 22       0
1969 08 29       0
1969 09 05       0
1969 09 12       0
1969 09 19       0
1969 09 26       0
1969 10 03       0
1969 10 10       0
1969 10 17       0
1969 10 24       0
1969 10 31       0
1969 11 07       0
1969 11 14       0
1969 11 21       0
1969 11 28       2
1969 12 05       7
1969 12 12      13
1969 12 19      14
1969 12 26      -8
1970 01 02     -27
1970 01 09      -6
1970 01 16      26
1970 01 23      31
1970 01 30      23
1970 02 06      -4
1970 02 13      -1
1970 02 20      -3
1970 02 27     -10
1970 03 06      -2
1970 03 13       0
1970 03 20      -2
1970 03 27      -8
1970 04 03     -11
1970 04 10     -12
1970 04 17     -12
1970 04 24      -5
1970 05 01       0
1970 05 08       0
1970 05 15       0
1970 05 22       0
1970 05 29       0
1970 06 05       0
1970 06 12       0
1970 06 19       0
1970 06 26       0
1970 07 03       0
1970 07 10       0
1970 07 17       0
1970 07 24       0
1970 07 31       0
1970 08 07       0
1970 08 14       0
1970 08 21       0
1970 08 28       0
1970 09 04       0
1970 09 11       0
1970 09 18       0
1970 09 25       0
1970 10 02       0
1970 10 09       0
1970 10 16       0
1970 10 23       0
1970 10 30       0
1970 11 06       0
1970 11 13       0
1970 11 20       0
1970 11 27       0
1970 12 04       0
1970 12 11       0
1970 12 18       0
1970 12 25      -8
1971 01 01     -20
1971 01 08      28
1971 01 15      37
1971 01 22      57
1971 01 29      44
1971 02 05       6
1971 02 12     -20
1971 02 19     -17
1971 02 26     -18
1971 03 05     -16
1971 03 12      -6
1971 03 19       0
1971 03 26       0
1971 04 02       8
1971 04 09      20
1971 04 16     -24
1971 04 23     -20
1971 04 30     -11
1971 05 07       0
1971 05 14       0
1971 05 21       0
1971 05 28       0
1971 06 04       0
1971 06 11       0
1971 06 18      -7
1971 06 25     -13
1971 07 02      -7
1971 07 09     -14
1971 07 16       3
1971 07 23       0
1971 07 30       0
1971 08 06       0
1971 08 13       0
1971 08 20       0
1971 08 27       0
1971 09 03       0
1971 09 10       0
1971 09 17       0
1971 09 24       0
1971 10 01       0
1971 10 08       0
1971 10 15       0
1971 10 22       0
1971 10 29       0
1971 11 05       0
1971 11 12       0
1971 11 19       0
1971 11 26       0
1971 12 03       0
1971 12 10       2
1971 12 17       5
1971 12 24      -1
1971 12 31     -28
1972 01 07       0
1972 01 14       0
1972 01 21       5
1972 01 28       6
1972 02 04     -28
1972 02 11     -67
1972 02 18     -63
1972 02 25     -47
1972 03 03     -39
1972 03 10     -30
1972 03 17     -13
1972 03 24       9
1972 03 31      25
1972 04 07      48
1972 04 14      -5
1972 04 21      -2
1972 04 28       0
1972 05 05       0
1972 05 12       0
1972 05 19       0
1972 05 26       0
1972 06 02       0
1972 06 09       0
1972 06 16       2
1972 06 23      11
1972 06 30      20
1972 07 07      28
1972 07 14      21
1972 07 21      23
1972 07 28      14
1972 08 04       5
1972 08 11       0
1972 08 18       0
1972 08 25       0
1972 09 01       0
1972 09 08       0
1972 09 15       6
1972 09 22      11
1972 09 29      16
1972 10 06      22
1972 10 13      23
1972 10 20      14
1972 10 27       5
1972 11 03       3
1972 11 10       4
1972 11 17      -3
1972 11 24     -10
1972 12 01      -3
1972 12 08       0
1972 12 15       0
1972 12 22      65
1972 12 29      53
1973 01 05      81
1973 01 12      80
1973 01 19      84
1973 01 26      90
1973 02 02      79
1973 02 09      68
1973 02 16      79
1973 02 23      75
1973 03 02      51
1973 03 09      48
1973 03 16      33
1973 03 23      45
1973 03 30      79
1973 04 06      46
1973 04 13      36
1973 04 20      50
1973 04 27      58
1973 05 04      61
1973 05 11      65
1973 05 18      71
1973 05 25      82
1973 06 01      98
1973 06 08     110
1973 06 15     113
1973 06 22     113
1973 06 29     113
1973 07 06     113
1973 07 13     113
1973 07 20     113
1973 07 27     113
1973 08 03     102
1973 08 10      74
1973 08 17      35
1973 08 24      20
1973 08 31       3
1973 09 07      23
1973 09 14      20
1973 09 21      24
1973 09 28      15
1973 10 05       3
1973 10 12       0
1973 10 19      -3
1973 10 26     -18
1973 11 02     -34
1973 11 09     -35
1973 11 16     -44
1973 11 23     -57
1973 11 30     -62
1973 12 07     -62
1973 12 14     -45
1973 12 21      52
1973 12 28      29
1974 01 04      27
1974 01 11      34
1974 01 18      46
1974 01 25      69
1974 02 01      70
1974 02 08      14
1974 02 15      17
1974 02 22      36
1974 03 01      34
1974 03 08      54
1974 03 15      37
1974 03 22      68
1974 03 29      71
1974 04 05      32
1974 04 12       7
1974 04 19       0
1974 04 26       0
1974 05 03       0
1974 05 10       0
1974 05 17      -3
1974 05 24     -11
1974 05 31      -8
1974 06 07      28
1974 06 14      53
1974 06 21      57
1974 06 28      57
1974 07 05      58
1974 07 12      66
1974 07 19      76
1974 07 26      82
1974 08 02      85
1974 08 09      83
1974 08 16      70
1974 08 23      45
1974 08 30      28
1974 09 06      25
1974 09 13      17
1974 09 20      10
1974 09 27       3
1974 10 04       0
1974 10 11      -3
1974 10 18     -14
1974 10 25     -28
1974 11 01     -47
1974 11 08     -79
1974 11 15     -93
1974 11 22    -105
1974 11 29    -100
1974 12 06     -94
1974 12 13     -51
1974 12 20      92
1974 12 27     148
1975 01 03     156
1975 01 10     156
1975 01 17     123
1975 01 24      53
1975 01 31      28
1975 02 07     -28
1975 02 14     -45
1975 02 21       0
1975 02 28     -45
1975 03 07       3
1975 03 14      24
1975 03 21      28
1975 03 28      20
1975 04 04       7
1975 04 11       5
1975 04 18       9
1975 04 25      -5
1975 05 02     -33
1975 05 09     -33
1975 05 16      -5
1975 05 23       0
1975 05 30      -3
1975 06 06       0
1975 06 13      -4
1975 06 20      -4
1975 06 27      -1
1975 07 04       0
1975 07 11       0
1975 07 18       0
1975 07 25       0
1975 08 01       0
1975 08 08       0
1975 08 15       0
1975 08 22       0
1975 08 29       0
1975 09 05       0
1975 09 12       0
1975 09 19       0
1975 09 26       0
1975 10 03       0
1975 10 10       0
1975 10 17       0
1975 10 24       0
1975 10 31       0
1975 11 07       0
1975 11 14       0
1975 11 21       0
1975 11 28       0
1975 12 05       2
1975 12 12      38
1975 12 19      76
1975 12 26      73
1976 01 02      77
1976 01 09     115
1976 01 16      42
1976 01 23      51
1976 01 30      62
1976 02 06      33
1976 02 13      -5
1976 02 20       1
1976 02 27     -24
1976 03 05     -18
1976 03 12       2
1976 03 19      30
1976 03 26      49
1976 04 02      28
1976 04 09     -46
1976 04 16     -11
1976 04 23      23
1976 04 30      28
1976 05 07      45
1976 05 14      67
1976 05 21      54
1976 05 28      43
1976 06 04      72
1976 06 11     102
1976 06 18     111
1976 06 25     113
1976 07 02     113
1976 07 09     113
1976 07 16     113
1976 07 23     113
1976 07 30     110
1976 08 06      83
1976 08 13      57
1976 08 20      36
1976 08 27      26
1976 09 03      18
1976 09 10       8
1976 09 17      -2
1976 09 24      -8
1976 10 01     -11
1976 10 08     -11
1976 10 15     -25
1976 10 22     -28
1976 10 29     -31
1976 11 05     -31
1976 11 12     -29
1976 11 19     -31
1976 11 26     -44
1976 12 03     -93
1976 12 10    -155
1976 12 17    -141
1976 12 24     -17
1976 12 31      28
1977 01 07      17
1977 01 14       8
1977 01 21       3
1977 01 28     -17
1977 02 04     -66
1977 02 11    -117
1977 02 18    -128
1977 02 25    -118
1977 03 04     -99
1977 03 11     -72
1977 03 18     -42
1977 03 25     -29
1977 04 01     -23
1977 04 08     -11
1977 04 15       0
1977 04 22       0
1977 04 29       0
1977 05 06       0
1977 05 13       0
1977 05 20       0
1977 05 27       0
1977 06 03       0
1977 06 10       0
1977 06 17       0
1977 06 24       1
1977 07 01       6
1977 07 08      -6
1977 07 15       0
1977 07 22       0
1977 07 29       0
1977 08 05       0
1977 08 12       0
1977 08 19       0
1977 08 26       0
1977 09 02       0
1977 09 09       0
1977 09 16       0
1977 09 23       0
1977 09 30       0
1977 10 07       8
1977 10 14       8
1977 10 21       1
1977 10 28      -8
1977 11 04     -11
1977 11 11      -8
1977 11 18       0
1977 11 25       4
1977 12 02       4
1977 12 09     -19
1977 12 16    -110
1977 12 23      28
1977 12 30      65
1978 01 06     116
1978 01 13      50
1978 01 20      50
1978 01 27      98
1978 02 03     126
1978 02 10     108
1978 02 17      79
1978 02 24      69
1978 03 03      54
1978 03 10      46
1978 03 17      38
1978 03 24      42
1978 03 31      91
1978 04 07       0
1978 04 14     -44
1978 04 21     -31
1978 04 28     -16
1978 05 05       1
1978 05 12       7
1978 05 19      15
1978 05 26      19
1978 06 02      15
1978 06 09      10
1978 06 16       3
1978 06 23       0
1978 06 30       0
1978 07 07       0
1978 07 14       0
1978 07 21       0
1978 07 28       0
1978 08 04       0
1978 08 11       0
1978 08 18       0
1978 08 25       0
1978 09 01       0
1978 09 08       0
1978 09 15       0
1978 09 22       0
1978 09 29       0
1978 10 06       0
1978 10 13       0
1978 10 20       0
1978 10 27       0
1978 11 03       0
1978 11 10       0
1978 11 17       2
1978 11 24       5
1978 12 01       0
1978 12 08       0
1978 12 15       0
1978 12 22     -25
1978 12 29     -25
1979 01 05      -9
1979 01 12      -5
1979 01 19      -6
1979 01 26       4
1979 02 02      22
1979 02 09      23
1979 02 16     -12
1979 02 23     -22
1979 03 02      -2
1979 03 09      16
1979 03 16      30
1979 03 23      23
1979 03 30       8
1979 04 06      -4
1979 04 13      -4
1979 04 20      -1
1979 04 27     -10
1979 05 04     -33
1979 05 11     -34
1979 05 18      -7
1979 05 25      13
1979 06 01      17
1979 06 08      14
1979 06 15      17
1979 06 22       0
1979 06 29       0
1979 07 06       0
1979 07 13       0
1979 07 20       0
1979 07 27       0
1979 08 03       0
1979 08 10       0
1979 08 17       0
1979 08 24       0
1979 08 31       0
1979 09 07       0
1979 09 14       0
1979 09 21       0
1979 09 28       0
1979 10 05       0
1979 10 12       0
1979 10 19       0
1979 10 26       0
1979 11 02       0
1979 11 09       0
1979 11 16       0
1979 11 23       0
1979 11 30       0
1979 12 07       0
1979 12 14      21
1979 12 21     188
1979 12 28     258
1980 01 04     239
1980 01 11     168
1980 01 18      82
1980 01 25      34
1980 02 01       4
1980 02 08     -22
1980 02 15     -10
1980 02 22       5
1980 02 29     -31
1980 03 07     -42
1980 03 14     -45
1980 03 21     -50
1980 03 28     -65
1980 04 04     -63
1980 04 11     -51
1980 04 18     -41
1980 04 25     -32
1980 05 02      -8
1980 05 09       0
1980 05 16      -4
1980 05 23     -25
1980 05 30     -42
1980 06 06     -45
1980 06 13     -47
1980 06 20     -50
1980 06 27     -49
1980 07 04     -45
1980 07 11     -40
1980 07 18     -33
1980 07 25     -29
1980 08 01     -32
1980 08 08     -40
1980 08 15     -31
1980 08 22     -17
1980 08 29     -12
1980 09 05      -3
1980 09 12       0
1980 09 19       0
1980 09 26       0
1980 10 03       0
1980 10 10       0
1980 10 17       0
1980 10 24       0
1980 10 31       0
1980 11 07       0
1980 11 14       0
1980 11 21       0
1980 11 28       0
1980 12 05       0
1980 12 12      23
1980 12 19      54
1980 12 26      27
1981 01 02     -14
1981 01 09      15
1981 01 16      54
1981 01 23      57
1981 01 30      51
1981 02 06       5
1981 02 13     -15
1981 02 20     -22
1981 02 27     -42
1981 03 06     -33
1981 03 13     -17
1981 03 20     -11
1981 03 27      -9
1981 04 03      -6
1981 04 10      -6
1981 04 17     -16
1981 04 24     -20
1981 05 01     -20
1981 05 08     -17
1981 05 15     -17
1981 05 22     -14
1981 05 29      -2
1981 06 05       0
1981 06 12       0
1981 06 19       0
1981 06 26       0
1981 07 03       0
1981 07 10       0
1981 07 17       0
1981 07 24       0
1981 07 31       0
1981 08 07       0
1981 08 14       0
1981 08 21       0
1981 08 28       0
1981 09 04       0
1981 09 11       0
1981 09 18       0
1981 09 25       0
1981 10 02       0
1981 10 09       0
1981 10 16       0
1981 10 23       0
1981 10 30       0
1981 11 06       0
1981 11 13       0
1981 11 20       0
1981 11 27       0
1981 12 04       0
1981 12 11       0
1981 12 18      47
1981 12 25     134
1982 01 01     190
1982 01 08     170
1982 01 15      -6
1982 01 22       6
1982 01 29      25
1982 02 05       2
1982 02 12     -22
1982 02 19     -22
1982 02 26     -28
1982 03 05     -29
1982 03 12     -30
1982 03 19     -29
1982 03 26     -31
1982 04 02     -32
1982 04 09     -24
1982 04 16     -12
1982 04 23     -65
1982 04 30      -6
1982 05 07       0
1982 05 14       0
1982 05 21       0
1982 05 28       0
1982 06 04       0
1982 06 11       0
1982 06 18       0
1982 06 25       0
1982 07 02       0
1982 07 09       0
1982 07 16       0
1982 07 23       0
1982 07 30       0
1982 08 06       0
1982 08 13       0
1982 08 20       0
1982 08 27       0
1982 09 03       0
1982 09 10       0
1982 09 17       0
1982 09 24       0
1982 10 01       0
1982 10 08       0
1982 10 15       0
1982 10 22       0
1982 10 29       0
1982 11 05       0
1982 11 12       0
1982 11 19       0
1982 11 26       0
1982 12 03       0
1982 12 10       0
1982 12 17      28
1982 12 24     104
1982 12 31     136
1983 01 07      68
1983 01 14      41
1983 01 21      12
1983 01 28       2
1983 02 04     -21
1983 02 11     -66
1983 02 18     -71
1983 02 25     -33
1983 03 04     -12
1983 03 11     -11
1983 03 18     -11
1983 03 25     -10
1983 04 01      -7
1983 04 08       0
1983 04 15       0
1983 04 22     -14
1983 04 29     -14
1983 05 06     -22
1983 05 13     -57
1983 05 20     -38
1983 05 27      -7
1983 06 03       5
1983 06 10       1
1983 06 17      -1
1983 06 24       3
1983 07 01       0
1983 07 08       0
1983 07 15       0
1983 07 22       0
1983 07 29       0
1983 08 05       0
1983 08 12       0
1983 08 19       0
1983 08 26       0
1983 09 02       0
1983 09 09       0
1983 09 16       0
1983 09 23       0
1983 09 30       0
1983 10 07       0
1983 10 14       0
1983 10 21       0
1983 10 28       0
1983 11 04       0
1983 11 11      -1
1983 11 18      -2
1983 11 25       0
1983 12 02       0
1983 12 09      -1
1983 12 16      13
1983 12 23     142
1983 12 30      57
1984 01 06      35
1984 01 13      21
1984 01 20      49
1984 01 27      81
1984 02 03      89
1984 02 10      58
1984 02 17      24
1984 02 24       3
1984 03 02     -10
1984 03 09      -5
1984 03 16       0
1984 03 23       3
1984 03 30       0
1984 04 06      -9
1984 04 13     -33
1984 04 20     -51
1984 04 27     -46
1984 05 04     -21
1984 05 11      -2
1984 05 18       2
1984 05 25       0
1984 06 01       0
1984 06 08       0
1984 06 15       3
1984 06 22       3
1984 06 29       0
1984 07 06       0
1984 07 13       0
1984 07 20       0
1984 07 27       0
1984 08 03       0
1984 08 10       0
1984 08 17       0
1984 08 24       0
1984 08 31       0
1984 09 07       0
1984 09 14       0
1984 09 21      -3
1984 09 28      -9
1984 10 05     -35
1984 10 12     -43
1984 10 19     -37
1984 10 26     -35
1984 11 02     -37
1984 11 09     -37
1984 11 16     -33
1984 11 23     -28
1984 11 30     -23
1984 12 07     -28
1984 12 14      -4
1984 12 21      80
1984 12 28      89
1985 01 04      61
1985 01 11      23
1985 01 18       7
1985 01 25      29
1985 02 01      55
1985 02 08      28
1985 02 15      -7
1985 02 22      -3
1985 03 01      -2
1985 03 08     -11
1985 03 15      -8
1985 03 22       0
1985 03 29       0
1985 04 05       0
1985 04 12       2
1985 04 19       5
1985 04 26     -11
1985 05 03     -39
1985 05 10     -35
1985 05 17      -8
1985 05 24       0
1985 05 31       0
1985 06 07       0
1985 06 14       0
1985 06 21       0
1985 06 28       0
1985 07 05       0
1985 07 12       0
1985 07 19       0
1985 07 26       0
1985 08 02       0
1985 08 09       0
1985 08 16       0
1985 08 23       0
1985 08 30       0
1985 09 06       0
1985 09 13      -2
1985 09 20      -7
1985 09 27      -7
1985 10 04      -6
1985 10 11      -3
1985 10 18      -1
1985 10 25      -7
1985 11 01     -19
1985 11 08     -28
1985 11 15     -28
1985 11 22     -11
1985 11 29     -16
1985 12 06       3
1985 12 13      38
1985 12 20      81
1985 12 27      28
1986 01 03      -7
1986 01 10      19
1986 01 17      55
1986 01 24     102
1986 01 31     156
1986 02 07     133
1986 02 14      65
1986 02 21      76
1986 02 28      37
1986 03 07      51
1986 03 14      43
1986 03 21      59
1986 03 28      56
1986 04 04      17
1986 04 11     -10
1986 04 18      15
1986 04 25      55
1986 05 02      81
1986 05 09      85
1986 05 16      80
1986 05 23      48
1986 05 30      25
1986 06 06      33
1986 06 13      36
1986 06 20      43
1986 06 27      52
1986 07 04      60
1986 07 11      63
1986 07 18      70
1986 07 25      75
1986 08 01      68
1986 08 08      51
1986 08 15      42
1986 08 22      51
1986 08 29      51
1986 09 05      69
1986 09 12      62
1986 09 19      25
1986 09 26      19
1986 10 03      32
1986 10 10      28
1986 10 17      36
1986 10 24      39
1986 10 31      68
1986 11 07      74
1986 11 14      83
1986 11 21      80
1986 11 28      75
1986 12 05      65
1986 12 12      98
1986 12 19     180
1986 12 26     234
1987 01 02     284
1987 01 09     368
1987 01 16     349
1987 01 23     116
1987 01 30      17
1987 02 06      70
1987 02 13      99
1987 02 20      12
1987 02 27      75
1987 03 06     139
1987 03 13     131
1987 03 20      94
1987 03 27      56
1987 04 03      -4
1987 04 10     -45
1987 04 17       8
1987 04 24      61
1987 05 01      82
1987 05 08      85
1987 05 15      79
1987 05 22      31
1987 05 29      24
1987 06 05      17
1987 06 12      12
1987 06 19      11
1987 06 26       8
1987 07 03       0
1987 07 10      -4
1987 07 17      -7
1987 07 24     -14
1987 07 31     -31
1987 08 07       0
1987 08 14       0
1987 08 21       0
1987 08 28       0
1987 09 04       0
1987 09 11      -3
1987 09 18      -8
1987 09 25      -9
1987 10 02       0
1987 10 09       5
1987 10 16       0
1987 10 23       0
1987 10 30       0
1987 11 06       0
1987 11 13       0
1987 11 20       0
1987 11 27       0
1987 12 04       0
1987 12 11      -1
1987 12 18      30
1987 12 25      85
1988 01 01     110
1988 01 08      93
1988 01 15      34
1988 01 22      20
1988 01 29      27
1988 02 05       4
1988 02 12     -22
1988 02 19     -30
1988 02 26      -9
1988 03 04       0
1988 03 11       0
1988 03 18       0
1988 03 25      -5
1988 04 01     -20
1988 04 08     -40
1988 04 15     -42
1988 04 22     -42
1988 04 29     -45
1988 05 06     -60
1988 05 13     -66
1988 05 20     -49
1988 05 27     -29
1988 06 03     -11
1988 06 10       0
1988 06 17       0
1988 06 24       0
1988 07 01       0
1988 07 08       0
1988 07 15       0
1988 07 22       0
1988 07 29       0
1988 08 05       0
1988 08 12       0
1988 08 19       0
1988 08 26       0
1988 09 02       0
1988 09 09       0
1988 09 16       0
1988 09 23       0
1988 09 30       0
1988 10 07       0
1988 10 14       0
1988 10 21       0
1988 10 28       0
1988 11 04       0
1988 11 11       0
1988 11 18       0
1988 11 25       0
1988 12 02       0
1988 12 09       0
1988 12 16       7
1988 12 23      51
1988 12 30      -6
1989 01 06      -1
1989 01 13       0
1989 01 20      -4
1989 01 27      -9
1989 02 03     -12
1989 02 10     -11
1989 02 17      -3
1989 02 24       0
1989 03 03       0
1989 03 10       0
1989 03 17       0
1989 03 24      -2
1989 03 31     -11
1989 04 07     -79
1989 04 14     -82
1989 04 21     -61
1989 04 28     -51
1989 05 05     -34
1989 05 12     -30
1989 05 19     -21
1989 05 26      -8
1989 06 02       0
1989 06 09       0
1989 06 16       0
1989 06 23       0
1989 06 30       0
1989 07 07       0
1989 07 14       0
1989 07 21       0
1989 07 28       0
1989 08 04       0
1989 08 11       0
1989 08 18       0
1989 08 25       0
1989 09 01       0
1989 09 08       0
1989 09 15       0
1989 09 22      14
1989 09 29      14
1989 10 06      11
1989 10 13      17
1989 10 20      22
1989 10 27      18
1989 11 03      13
1989 11 10       9
1989 11 17       5
1989 11 24      11
1989 12 01       9
1989 12 08     -23
1989 12 15    -110
1989 12 22      45
1989 12 29      26
1990 01 05      41
1990 01 12      54
1990 01 19      61
1990 01 26      73
1990 02 02      76
1990 02 09      35
1990 02 16       9
1990 02 23       2
1990 03 02       0
1990 03 09       0
1990 03 16      -2
1990 03 23     -14
1990 03 30       0
1990 04 06      -9
1990 04 13      -7
1990 04 20      -2
1990 04 27       0
1990 05 04       0
1990 05 11       0
1990 05 18       0
1990 05 25       0
1990 06 01       0
1990 06 08       0
1990 06 15       0
1990 06 22       0
1990 06 29       0
1990 07 06       0
1990 07 13       0
1990 07 20       0
1990 07 27       0
1990 08 03       0
1990 08 10       0
1990 08 17       0
1990 08 24       0
1990 08 31       0
1990 09 07       0
1990 09 14       0
1990 09 21       0
1990 09 28       0
1990 10 05       0
1990 10 12       0
1990 10 19       0
1990 10 26       0
1990 11 02      -6
1990 11 09     -26
1990 11 16     -61
1990 11 23     -40
1990 11 30     -42
1990 12 07     -42
1990 12 14      -9
1990 12 21      84
1990 12 28      85
1991 01 04      57
1991 01 11      34
1991 01 18      30
1991 01 25      50
1991 02 01      79
1991 02 08      61
1991 02 15      60
1991 02 22      90
1991 03 01      74
1991 03 08      71
1991 03 15      76
1991 03 22     125
1991 03 29     110
1991 04 05      33
1991 04 12     -51
1991 04 19     -96
1991 04 26     -78
1991 05 03     -24
1991 05 10      20
1991 05 17      32
1991 05 24      -3
1991 05 31     -57
1991 06 07     -65
1991 06 14     -77
1991 06 21     -55
1991 06 28     -41
1991 07 05     -28
1991 07 12     -35
1991 07 19     -44
1991 07 26     -43
1991 08 02     -37
1991 08 09     -26
1991 08 16     -17
1991 08 23     -14
1991 08 30      -8
1991 09 06      -1
1991 09 13       0
1991 09 20       0
1991 09 27       0
1991 10 04       0
1991 10 11       0
1991 10 18       0
1991 10 25       0
1991 11 01       0
1991 11 08       0
1991 11 15       0
1991 11 22       3
1991 11 29       6
1991 12 06       6
1991 12 13       7
1991 12 20       2
1991 12 27     -13
1992 01 03     -16
1992 01 10      -7
1992 01 17      -9
1992 01 24      -3
1992 01 31      -3
1992 02 07      23
1992 02 14       3
1992 02 21       0
1992 02 28       0
1992 03 06       0
1992 03 13       0
1992 03 20       0
1992 03 27       0
1992 04 03       0
1992 04 10       0
1992 04 17      -7
1992 04 24     -28
1992 05 01     -55
1992 05 08     -34
1992 05 15       0
1992 05 22      -3
1992 05 29     -20
1992 06 05     -14
1992 06 12     -14
1992 06 19      -7
1992 06 26       0
1992 07 03       0
1992 07 10       0
1992 07 17       0
1992 07 24       0
1992 07 31       0
1992 08 07       0
1992 08 14       0
1992 08 21       0
1992 08 28       0
1992 09 04      -2
1992 09 11      -4
1992 09 18      -6
1992 09 25     -23
1992 10 02     -57
1992 10 09     -36
1992 10 16     -28
1992 10 23     -28
1992 10 30     -20
1992 11 06     -20
1992 11 13     -14
1992 11 20      -5
1992 11 27      -3
1992 12 04      -1
1992 12 11      -7
1992 12 18      37
1992 12 25     130
1993 01 01     168
1993 01 08      75
1993 01 15      55
1993 01 22      73
1993 01 29     128
1993 02 05     118
1993 02 12      62
1993 02 19       0
1993 02 26     -57
1993 03 05     -22
1993 03 12      13
1993 03 19      28
1993 03 26      48
1993 04 02      66
1993 04 09      28
1993 04 16     -97
1993 04 23     -29
1993 04 30     -10
1993 05 07     112
1993 05 14     114
1993 05 21     127
1993 05 28     136
1993 06 04     140
1993 06 11     133
1993 06 18     119
1993 06 25     112
1993 07 02     101
1993 07 09      65
1993 07 16       8
1993 07 23       0
1993 07 30       0
1993 08 06       0
1993 08 13      -1
1993 08 20     -10
1993 08 27     -14
1993 09 03     -18
1993 09 10     -24
1993 09 17     -28
1993 09 24     -29
1993 10 01     -29
1993 10 08     -23
1993 10 15     -18
1993 10 22      -1
1993 10 29      -5
1993 11 05      -5
1993 11 12      -2
1993 11 19       0
1993 11 26       2
1993 12 03       4
1993 12 10      -4
1993 12 17       7
1993 12 24      69
1993 12 31      29
1994 01 07      -2
1994 01 14       2
1994 01 21      40
1994 01 28      29
1994 02 04       3
1994 02 11     -11
1994 02 18      -1
1994 02 25      13
1994 03 04      13
1994 03 11       6
1994 03 18       1
1994 03 25      -1
1994 04 01      -1
1994 04 08       0
1994 04 15     -18
1994 04 22     -39
1994 04 29     -12
1994 05 06     -42
1994 05 13     -34
1994 05 20     -21
1994 05 27     -12
1994 06 03      -7
1994 06 10      -5
1994 06 17      -4
1994 06 24      -1
1994 07 01      -1
1994 07 08      -4
1994 07 15      -3
1994 07 22      -3
1994 07 29      -2
1994 08 05      -1
1994 08 12       0
1994 08 19       0
1994 08 26       0
1994 09 02       1
1994 09 09       2
1994 09 16       1
1994 09 23       5
1994 09 30       2
1994 10 07       2
1994 10 14       8
1994 10 21      20
1994 10 28      17
1994 11 04      10
1994 11 11       3
1994 11 18       0
1994 11 25       0
1994 12 02       0
1994 12 09       0
1994 12 16       7
1994 12 23      51
1994 12 30      60
1995 01 06      82
1995 01 13      41
1995 01 20      12
1995 01 27       5
1995 02 03     -12
1995 02 10     -49
1995 02 17     -61
1995 02 24     -26
1995 03 03      -2
1995 03 10       0
1995 03 17       0
1995 03 24       0
1995 03 31       0
1995 04 07      -2
1995 04 14     -13
1995 04 21      -4
1995 04 28      -9
1995 05 05     -17
1995 05 12     -16
1995 05 19     -15
1995 05 26     -16
1995 06 02     -12
1995 06 09      -5
1995 06 16      -8
1995 06 23      -1
1995 06 30       0
1995 07 07       0
1995 07 14       0
1995 07 21       0
1995 07 28       0
1995 08 04       0
1995 08 11       0
1995 08 18       0
1995 08 25       0
1995 09 01       3
1995 09 08      23
1995 09 15       8
1995 09 22      30
1995 09 29      28
1995 10 06      22
1995 10 13      10
1995 10 20       7
1995 10 27      -3
1995 11 03     -15
1995 11 10     -16
1995 11 17      -4
1995 11 24       0
1995 12 01      -3
1995 12 08       0
1995 12 15     -70
1995 12 22      11
1995 12 29      17
1996 01 05  0
1996 01 12  0
1996 01 19  0
1996 01 26  0
1996 02 02  0
1996 02 09  0
1996 02 16  0
1996 02 23  0
1996 03 01  0
1996 03 08  0
1996 03 15  0
1996 03 22  0
1996 03 29  0
1996 04 05  0
1996 04 12  0
1996 04 19  0
1996 04 26  0
1996 05 03  0
1996 05 10  0
1996 05 17  0
1996 05 24  0
1996 05 31  0
1996 06 07  0
1996 06 14  0
1996 06 21  0
1996 06 28  0
1996 07 05  0
1996 07 12  0
1996 07 19  0
1996 07 26  0
1996 08 02  0
1996 08 09  0
1996 08 16  0
1996 08 23  0
1996 08 30  0
1996 09 06  0
1996 09 13  0
1996 09 20  0
1996 09 27  0
1996 10 04  0
1996 10 11  0
1996 10 18  0
1996 10 25  0
1996 11 01  0
1996 11 08  0
1996 11 15  0
1996 11 22  0
1996 11 29  0
1996 12 06  0
1996 12 13  0
1996 12 20  0
1996 12 27  0
1997 01 03  0
1997 01 10  0
1997 01 17  0
1997 01 24  0
1997 01 31  0
1997 02 07  0
1997 02 14  0
1997 02 21  0
1997 02 28  0
1997 03 07  0
1997 03 14  0
1997 03 21  0
1997 03 28  0
1997 04 04  0
1997 04 11  0
1997 04 18  0
1997 04 25  0
1997 05 02  0
1997 05 09  0
1997 05 16  0
1997 05 23  0
1997 05 30  0
1997 06 06  0
1997 06 13  0
1997 06 20  0
1997 06 27  0
1997 07 04  0
1997 07 11  0
1997 07 18  0
1997 07 25  0
1997 08 01  0
1997 08 08  0
1997 08 15  0
1997 08 22  0
1997 08 29  0
1997 09 05  0
1997 09 12  0
1997 09 19  0
1997 09 26  0
1997 10 03  0
1997 10 10  0
1997 10 17  0
1997 10 24  0
1997 10 31  0
1997 11 07  0
1997 11 14  0
1997 11 21  0
1997 11 28  0
1997 12 05  0
1997 12 12  0
1997 12 19  0
1997 12 26  0
1998 01 02  0
1998 01 09  0
1998 01 16  0
1998 01 23  0
1998 01 30  0
1998 02 06  0
1998 02 13  0
1998 02 20  0
1998 02 27  0
1998 03 06  0
1998 03 13  0
1998 03 20  0
1998 03 27  0
1998 04 03  0
1998 04 10  0
1998 04 17  0
1998 04 24  0
1998 05 01  0
1998 05 08  0
1998 05 15  0
1998 05 22  0
1998 05 29  0
1998 06 05  0
1998 06 12  0
1998 06 19  0
1998 06 26  0
1998 07 03  0
1998 07 10  0
1998 07 17  0
1998 07 24  0
1998 07 31  0
1998 08 07  0
1998 08 14  0
1998 08 21  0
1998 08 28  0
1998 09 04  0
1998 09 11  0
1998 09 18  0
1998 09 25  0
1998 10 02  0
1998 10 09  0
1998 10 16  0
1998 10 23  0
1998 10 30  0
1998 11 06  0
1998 11 13  0
1998 11 20  0
1998 11 27  0
1998 12 04  0
1998 12 11  0
1998 12 18  0
1998 12 25  0
1999 01 01  0
1999 01 08  0
1999 01 15  0
1999 01 22  0
1999 01 29  0
1999 02 05  0
1999 02 12  0
1999 02 19  0
1999 02 26  0
1999 03 05  0
1999 03 12  0
1999 03 19  0
1999 03 26  0
1999 04 02  0
1999 04 09  0
1999 04 16  0
1999 04 23  0
1999 04 30  0
1999 05 07  0
1999 05 14  0
1999 05 21  0
1999 05 28  0
1999 06 04  0
1999 06 11  0
1999 06 18  0
1999 06 25  0
1999 07 02  0
1999 07 09  0
1999 07 16  0
1999 07 23  0
1999 07 30  0
1999 08 06  0
1999 08 13  0
1999 08 20  0
1999 08 27  0
1999 09 03  0
1999 09 10  0
1999 09 17  0
1999 09 24  0
1999 10 01  0
1999 10 08  0
1999 10 15  0
1999 10 22  0
1999 10 29  0
1999 11 05  0
1999 11 12  0
1999 11 19  0
1999 11 26  0
1999 12 03  0
1999 12 10  0
1999 12 17  0
1999 12 24  0
1999 12 31  0
2000 01 07  0
2000 01 14  0
2000 01 21  0
2000 01 28  0
2000 02 04  0
2000 02 11  0
2000 02 18  0
2000 02 25  0
2000 03 03  0
2000 03 10  0
2000 03 17  0
2000 03 24  0
2000 03 31  0
2000 04 07  0
2000 04 14  0
2000 04 21  0
2000 04 28  0
2000 05 05  0
2000 05 12  0
2000 05 19  0
2000 05 26  0
2000 06 02  0
2000 06 09  0
2000 06 16  0
2000 06 23  0
2000 06 30  0
2000 07 07  0
2000 07 14  0
2000 07 21  0
2000 07 28  0
2000 08 04  0
2000 08 11  0
2000 08 18  0
2000 08 25  0
2000 09 01  0
2000 09 08  0
2000 09 15  0
2000 09 22  0
2000 09 29  0
2000 10 06  0
2000 10 13  0
2000 10 20  0
2000 10 27  0
2000 11 03  0
2000 11 10  0
2000 11 17  0
2000 11 24  0
2000 12 01  0
2000 12 08  0
2000 12 15  0
2000 12 22  0
2000 12 29  0
2001 01 05  0