# Lake Ontario-St. Lawrence Flow Differences
Units: 10m3s
Interval: Weekly
1900 01 05    51
1900 01 12    82
1900 01 19    89
1900 01 26    76
1900 02 02    87
1900 02 09   105
1900 02 16    81
1900 02 23    84
1900 03 02    32
1900 03 09    57
1900 03 16    74
1900 03 23    54
1900 03 30    37
1900 04 06   139
1900 04 13   186
1900 04 20   229
1900 04 27   286
1900 05 04   302
1900 05 11   280
1900 05 18   257
1900 05 25   231
1900 06 01   213
1900 06 08   235
1900 06 15   196
1900 06 22   147
1900 06 29   119
1900 07 06   116
1900 07 13   130
1900 07 20   176
1900 07 27   178
1900 08 03   161
1900 08 10   144
1900 08 17   121
1900 08 24   114
1900 08 31    99
1900 09 07    76
1900 09 14    67
1900 09 21    78
1900 09 28    84
1900 10 05    83
1900 10 12    87
1900 10 19    84
1900 10 26    88
1900 11 02    94
1900 11 09    84
1900 11 16   101
1900 11 23   144
1900 11 30   195
1900 12 07   116
1900 12 14   107
1900 12 21    73
1900 12 28    64
1901 01 04    64
1901 01 11    75
1901 01 18    74
1901 01 25    59
1901 02 01    67
1901 02 08    80
1901 02 15    69
1901 02 22     0
1901 03 01   -23
1901 03 08    34
1901 03 15    11
1901 03 22    45
1901 03 29   116
1901 04 05   146
1901 04 12   247
1901 04 19   327
1901 04 26   363
1901 05 03   390
1901 05 10   356
1901 05 17   302
1901 05 24   275
1901 05 31   257
1901 06 07   258
1901 06 14   240
1901 06 21   192
1901 06 28   166
1901 07 05   126
1901 07 12   102
1901 07 19    82
1901 07 26    68
1901 08 02    59
1901 08 09    57
1901 08 16    48
1901 08 23    51
1901 08 30    48
1901 09 06    68
1901 09 13    55
1901 09 20    54
1901 09 27    50
1901 10 04    50
1901 10 11    53
1901 10 18    60
1901 10 25    69
1901 11 01    63
1901 11 08    62
1901 11 15    63
1901 11 22    79
1901 11 29    60
1901 12 06    60
1901 12 13    60
1901 12 20    94
1901 12 27   105
1902 01 03    78
1902 01 10    56
1902 01 17    75
1902 01 24    63
1902 01 31    87
1902 02 07    90
1902 02 14    59
1902 02 21    11
1902 02 28   -14
1902 03 07    99
1902 03 14   128
1902 03 21   232
1902 03 28   247
1902 04 04   284
1902 04 11   284
1902 04 18   239
1902 04 25   231
1902 05 02   246
1902 05 09   278
1902 05 16   288
1902 05 23   252
1902 05 30   243
1902 06 06   253
1902 06 13   249
1902 06 20   233
1902 06 27   207
1902 07 04   187
1902 07 11   176
1902 07 18   156
1902 07 25   137
1902 08 01   117
1902 08 08   102
1902 08 15    90
1902 08 22    68
1902 08 29    71
1902 09 05    61
1902 09 12    46
1902 09 19    40
1902 09 26    42
1902 10 03    41
1902 10 10    42
1902 10 17    53
1902 10 24    65
1902 10 31    62
1902 11 07    71
1902 11 14    76
1902 11 21   110
1902 11 28   122
1902 12 05   125
1902 12 12   117
1902 12 19   106
1902 12 26    99
1903 01 02    94
1903 01 09    83
1903 01 16    56
1903 01 23    87
1903 01 30    68
1903 02 06    68
1903 02 13    83
1903 02 20    94
1903 02 27    52
1903 03 06    94
1903 03 13   138
1903 03 20   234
1903 03 27   279
1903 04 03   279
1903 04 10   265
1903 04 17   251
1903 04 24   215
1903 05 01   196
1903 05 08   184
1903 05 15   215
1903 05 22   210
1903 05 29   189
1903 06 05   160
1903 06 12   134
1903 06 19   140
1903 06 26   162
1903 07 03   181
1903 07 10   174
1903 07 17   119
1903 07 24    92
1903 07 31    85
1903 08 07    85
1903 08 14    92
1903 08 21    86
1903 08 28    63
1903 09 04    44
1903 09 11    30
1903 09 18    25
1903 09 25    33
1903 10 02    44
1903 10 09    47
1903 10 16    87
1903 10 23    80
1903 10 30    80
1903 11 06    70
1903 11 13    54
1903 11 20    44
1903 11 27    34
1903 12 04    20
1903 12 11    12
1903 12 18    18
1903 12 25    31
1904 01 01    30
1904 01 08    23
1904 01 15    76
1904 01 22    37
1904 01 29    15
1904 02 05    24
1904 02 12    10
1904 02 19    29
1904 02 26    60
1904 03 04    63
1904 03 11    57
1904 03 18    51
1904 03 25    82
1904 04 01   178
1904 04 08   244
1904 04 15   334
1904 04 22   258
1904 04 29   250
1904 05 06   354
1904 05 13   405
1904 05 20   393
1904 05 27   366
1904 06 03   372
1904 06 10   395
1904 06 17   372
1904 06 24   309
1904 07 01   219
1904 07 08   176
1904 07 15   130
1904 07 22   139
1904 07 29   110
1904 08 05    94
1904 08 12    79
1904 08 19    73
1904 08 26    74
1904 09 02    77
1904 09 09    82
1904 09 16    61
1904 09 23    57
1904 09 30    71
1904 10 07   114
1904 10 14   118
1904 10 21   111
1904 10 28   137
1904 11 04   135
1904 11 11   110
1904 11 18    87
1904 11 25    81
1904 12 02    74
1904 12 09    63
1904 12 16    62
1904 12 23    60
1904 12 30    53
1905 01 06    49
1905 01 13    50
1905 01 20    53
1905 01 27    49
1905 02 03    34
1905 02 10    27
1905 02 17    30
1905 02 24    21
1905 03 03    13
1905 03 10     1
1905 03 17    14
1905 03 24    52
1905 03 31   139
1905 04 07   241
1905 04 14   219
1905 04 21   169
1905 04 28   143
1905 05 05   158
1905 05 12   193
1905 05 19   234
1905 05 26   237
1905 06 02   210
1905 06 09   181
1905 06 16   162
1905 06 23   161
1905 06 30   139
1905 07 07   136
1905 07 14    92
1905 07 21    81
1905 07 28    74
1905 08 04    77
1905 08 11    77
1905 08 18    64
1905 08 25    50
1905 09 01    42
1905 09 08    51
1905 09 15    54
1905 09 22    51
1905 09 29    55
1905 10 06    52
1905 10 13    43
1905 10 20    56
1905 10 27    68
1905 11 03    72
1905 11 10    73
1905 11 17    70
1905 11 24    68
1905 12 01    65
1905 12 08    62
1905 12 15    51
1905 12 22    54
1905 12 29    54
1906 01 05    31
1906 01 12    87
1906 01 19    86
1906 01 26    70
1906 02 02    97
1906 02 09    92
1906 02 16    78
1906 02 23    39
1906 03 02    53
1906 03 09    78
1906 03 16    35
1906 03 23    23
1906 03 30    59
1906 04 06   117
1906 04 13   129
1906 04 20   144
1906 04 27   161
1906 05 04   181
1906 05 11   205
1906 05 18   237
1906 05 25   249
1906 06 01   238
1906 06 08   206
1906 06 15   257
1906 06 22   216
1906 06 29   194
1906 07 06   144
1906 07 13   114
1906 07 20    86
1906 07 27    70
1906 08 03    55
1906 08 10    44
1906 08 17    37
1906 08 24    33
1906 08 31    42
1906 09 07    28
1906 09 14    25
1906 09 21    18
1906 09 28    19
1906 10 05    22
1906 10 12    23
1906 10 19    24
1906 10 26    27
1906 11 02    30
1906 11 09    29
1906 11 16    19
1906 11 23    34
1906 11 30    54
1906 12 07    40
1906 12 14    39
1906 12 21    40
1906 12 28    40
1907 01 04    39
1907 01 11    69
1907 01 18    94
1907 01 25    68
1907 02 01    44
1907 02 08    27
1907 02 15    63
1907 02 22    10
1907 03 01     4
1907 03 08    29
1907 03 15    -3
1907 03 22    20
1907 03 29   127
1907 04 05   197
1907 04 12   160
1907 04 19   137
1907 04 26   148
1907 05 03   191
1907 05 10   244
1907 05 17   219
1907 05 24   243
1907 05 31   292
1907 06 07   229
1907 06 14   225
1907 06 21   211
1907 06 28   185
1907 07 05   169
1907 07 12   152
1907 07 19   120
1907 07 26    99
1907 08 02    88
1907 08 09    78
1907 08 16    52
1907 08 23    42
1907 08 30    48
1907 09 06    33
1907 09 13    37
1907 09 20    49
1907 09 27    60
1907 10 04    65
1907 10 11    71
1907 10 18    84
1907 10 25    90
1907 11 01    89
1907 11 08    97
1907 11 15   138
1907 11 22    90
1907 11 29    98
1907 12 06    80
1907 12 13    86
1907 12 20   101
1907 12 27   110
1908 01 03    78
1908 01 10    39
1908 01 17    80
1908 01 24   125
1908 01 31    87
1908 02 07    31
1908 02 14    53
1908 02 21    65
1908 02 28    88
1908 03 06    66
1908 03 13    44
1908 03 20    81
1908 03 27   109
1908 04 03   137
1908 04 10   175
1908 04 17   210
1908 04 24   225
1908 05 01   243
1908 05 08   408
1908 05 15   481
1908 05 22   458
1908 05 29   425
1908 06 05   384
1908 06 12   331
1908 06 19   254
1908 06 26   201
1908 07 03   160
1908 07 10   129
1908 07 17   108
1908 07 24   102
1908 07 31    88
1908 08 07    59
1908 08 14    50
1908 08 21    43
1908 08 28    43
1908 09 04    33
1908 09 11    29
1908 09 18    30
1908 09 25    24
1908 10 02    21
1908 10 09    20
1908 10 16    20
1908 10 23    23
1908 10 30    20
1908 11 06    23
1908 11 13    23
1908 11 20    29
1908 11 27    31
1908 12 04    29
1908 12 11    28
1908 12 18    28
1908 12 25    29
1909 01 01    29
1909 01 08    34
1909 01 15    66
1909 01 22    51
1909 01 29    19
1909 02 05    57
1909 02 12    48
1909 02 19    47
1909 02 26    29
1909 03 05    36
1909 03 12    42
1909 03 19    39
1909 03 26    46
1909 04 02    67
1909 04 09   119
1909 04 16   308
1909 04 23   311
1909 04 30   314
1909 05 07   371
1909 05 14   410
1909 05 21   477
1909 05 28   505
1909 06 04   477
1909 06 11   390
1909 06 18   272
1909 06 25   215
1909 07 02   179
1909 07 09   134
1909 07 16   106
1909 07 23    99
1909 07 30   117
1909 08 06   132
1909 08 13   109
1909 08 20    83
1909 08 27    74
1909 09 03    72
1909 09 10    72
1909 09 17    68
1909 09 24    68
1909 10 01    71
1909 10 08    70
1909 10 15    62
1909 10 22    57
1909 10 29    60
1909 11 05    57
1909 11 12    58
1909 11 19    60
1909 11 26    63
1909 12 03    65
1909 12 10    60
1909 12 17    59
1909 12 24    70
1909 12 31    70
1910 01 07    99
1910 01 14    99
1910 01 21    53
1910 01 28    27
1910 02 04    44
1910 02 11    56
1910 02 18    49
1910 02 25    35
1910 03 04    60
1910 03 11    98
1910 03 18   100
1910 03 25    96
1910 04 01   149
1910 04 08   210
1910 04 15   241
1910 04 22   218
1910 04 29   230
1910 05 06   249
1910 05 13   232
1910 05 20   193
1910 05 27   168
1910 06 03   157
1910 06 10   161
1910 06 17   170
1910 06 24   154
1910 07 01   119
1910 07 08    85
1910 07 15    54
1910 07 22    51
1910 07 29    51
1910 08 05    42
1910 08 12    41
1910 08 19    42
1910 08 26    42
1910 09 02    45
1910 09 09    54
1910 09 16    54
1910 09 23    57
1910 09 30    54
1910 10 07    51
1910 10 14    72
1910 10 21    60
1910 10 28    65
1910 11 04    71
1910 11 11    73
1910 11 18    76
1910 11 25    77
1910 12 02    71
1910 12 09    63
1910 12 16    53
1910 12 23    48
1910 12 30    48
1911 01 06    19
1911 01 13    40
1911 01 20    67
1911 01 27    60
1911 02 03    54
1911 02 10    37
1911 02 17    14
1911 02 24    25
1911 03 03    33
1911 03 10    31
1911 03 17     8
1911 03 24    10
1911 03 31    37
1911 04 07    54
1911 04 14   188
1911 04 21   231
1911 04 28   201
1911 05 05   261
1911 05 12   304
1911 05 19   298
1911 05 26   271
1911 06 02   245
1911 06 09   225
1911 06 16   192
1911 06 23   153
1911 06 30   128
1911 07 07   111
1911 07 14    82
1911 07 21    72
1911 07 28    48
1911 08 04    36
1911 08 11    34
1911 08 18    35
1911 08 25    40
1911 09 01    44
1911 09 08    31
1911 09 15    22
1911 09 22    25
1911 09 29    31
1911 10 06    31
1911 10 13    29
1911 10 20    27
1911 10 27    27
1911 11 03    28
1911 11 10    28
1911 11 17    31
1911 11 24    39
1911 12 01    49
1911 12 08    40
1911 12 15    79
1911 12 22   111
1911 12 29    72
1912 01 05    61
1912 01 12    66
1912 01 19    78
1912 01 26    83
1912 02 02    77
1912 02 09    65
1912 02 16    53
1912 02 23    13
1912 03 01    -1
1912 03 08    60
1912 03 15    17
1912 03 22    19
1912 03 29    22
1912 04 05    55
1912 04 12   155
1912 04 19   260
1912 04 26   289
1912 05 03   272
1912 05 10   245
1912 05 17   250
1912 05 24   297
1912 05 31   348
1912 06 07   391
1912 06 14   298
1912 06 21   237
1912 06 28   213
1912 07 05   164
1912 07 12   129
1912 07 19   106
1912 07 26    90
1912 08 02    77
1912 08 09    70
1912 08 16    62
1912 08 23    59
1912 08 30    54
1912 09 06    54
1912 09 13    60
1912 09 20    62
1912 09 27    65
1912 10 04    62
1912 10 11    53
1912 10 18    48
1912 10 25    63
1912 11 01   101
1912 11 08   128
1912 11 15   224
1912 11 22   212
1912 11 29   142
1912 12 06   125
1912 12 13   133
1912 12 20   134
1912 12 27   124
1913 01 03   103
1913 01 10   102
1913 01 17   155
1913 01 24   179
1913 01 31   164
1913 02 07   133
1913 02 14   139
1913 02 21    88
1913 02 28    43
1913 03 07    60
1913 03 14    43
1913 03 21   168
1913 03 28   295
1913 04 04   362
1913 04 11   344
1913 04 18   268
1913 04 25   216
1913 05 02   207
1913 05 09   288
1913 05 16   275
1913 05 23   207
1913 05 30   192
1913 06 06   166
1913 06 13   139
1913 06 20   114
1913 06 27   103
1913 07 04    76
1913 07 11    52
1913 07 18    46
1913 07 25    54
1913 08 01    58
1913 08 08    43
1913 08 15    20
1913 08 22    20
1913 08 29    22
1913 09 05    26
1913 09 12    31
1913 09 19    37
1913 09 26    34
1913 10 03    32
1913 10 10    37
1913 10 17    28
1913 10 24    30
1913 10 31    80
1913 11 07    82
1913 11 14    90
1913 11 21   112
1913 11 28   130
1913 12 05   122
1913 12 12   118
1913 12 19   106
1913 12 26    91
1914 01 02    73
1914 01 09    44
1914 01 16    54
1914 01 23    91
1914 01 30    48
1914 02 06    53
1914 02 13    51
1914 02 20    48
1914 02 27    33
1914 03 06    31
1914 03 13    21
1914 03 20    33
1914 03 27    75
1914 04 03   125
1914 04 10   138
1914 04 17   108
1914 04 24   150
1914 05 01   187
1914 05 08   204
1914 05 15   198
1914 05 22   170
1914 05 29   131
1914 06 05   109
1914 06 12    92
1914 06 19    78
1914 06 26    75
1914 07 03    79
1914 07 10    76
1914 07 17    59
1914 07 24    50
1914 07 31    43
1914 08 07    26
1914 08 14    23
1914 08 21    19
1914 08 28    22
1914 09 04    18
1914 09 11    17
1914 09 18    15
1914 09 25     6
1914 10 02    10
1914 10 09    12
1914 10 16    14
1914 10 23    17
1914 10 30    20
1914 11 06    35
1914 11 13    26
1914 11 20    23
1914 11 27    18
1914 12 04    36
1914 12 11    43
1914 12 18    31
1914 12 25    34
1915 01 01    36
1915 01 08    45
1915 01 15    40
1915 01 22    17
1915 01 29    53
1915 02 05    84
1915 02 12    63
1915 02 19    20
1915 02 26    11
1915 03 05    50
1915 03 12    39
1915 03 19    17
1915 03 26    42
1915 04 02    77
1915 04 09    71
1915 04 16    94
1915 04 23   133
1915 04 30   130
1915 05 07   164
1915 05 14   162
1915 05 21   161
1915 05 28   151
1915 06 04   128
1915 06 11   104
1915 06 18    93
1915 06 25    93
1915 07 02    91
1915 07 09    85
1915 07 16    73
1915 07 23    68
1915 07 30    51
1915 08 06    27
1915 08 13    37
1915 08 20    51
1915 08 27    62
1915 09 03    59
1915 09 10    46
1915 09 17    37
1915 09 24    27
1915 10 01    32
1915 10 08    40
1915 10 15    48
1915 10 22    45
1915 10 29    41
1915 11 05    36
1915 11 12    31
1915 11 19    33
1915 11 26    36
1915 12 03    37
1915 12 10    38
1915 12 17    34
1915 12 24    48
1915 12 31    46
1916 01 07    60
1916 01 14    99
1916 01 21    96
1916 01 28    61
1916 02 04    82
1916 02 11   116
1916 02 18    83
1916 02 25    45
1916 03 03    52
1916 03 10    63
1916 03 17    47
1916 03 24    55
1916 03 31    79
1916 04 07   266
1916 04 14   254
1916 04 21   317
1916 04 28   347
1916 05 05   376
1916 05 12   384
1916 05 19   405
1916 05 26   409
1916 06 02   367
1916 06 09   299
1916 06 16   256
1916 06 23   263
1916 06 30   206
1916 07 07   147
1916 07 14   118
1916 07 21    99
1916 07 28    88
1916 08 04    74
1916 08 11    61
1916 08 18    53
1916 08 25    46
1916 09 01    39
1916 09 08    31
1916 09 15    39
1916 09 22    31
1916 09 29    31
1916 10 06    34
1916 10 13    38
1916 10 20    45
1916 10 27    72
1916 11 03    93
1916 11 10    94
1916 11 17    85
1916 11 24    79
1916 12 01    82
1916 12 08    85
1916 12 15   102
1916 12 22    85
1916 12 29    80
1917 01 05   101
1917 01 12    69
1917 01 19    54
1917 01 26    50
1917 02 02    51
1917 02 09    79
1917 02 16    20
1917 02 23    35
1917 03 02    35
1917 03 09    40
1917 03 16    13
1917 03 23    26
1917 03 30   150
1917 04 06   267
1917 04 13   227
1917 04 20   180
1917 04 27   205
1917 05 04   261
1917 05 11   284
1917 05 18   273
1917 05 25   252
1917 06 01   242
1917 06 08   237
1917 06 15   272
1917 06 22   258
1917 06 29   226
1917 07 06   182
1917 07 13   160
1917 07 20   152
1917 07 27   151
1917 08 03   141
1917 08 10   124
1917 08 17   101
1917 08 24    85
1917 08 31    85
1917 09 07    77
1917 09 14    64
1917 09 21    58
1917 09 28    47
1917 10 05    47
1917 10 12    47
1917 10 19    52
1917 10 26    61
1917 11 02    79
1917 11 09   104
1917 11 16    77
1917 11 23    74
1917 11 30    60
1917 12 07    56
1917 12 14    61
1917 12 21    55
1917 12 28    50
1918 01 04    35
1918 01 11    38
1918 01 18    54
1918 01 25    40
1918 02 01    11
1918 02 08    48
1918 02 15    46
1918 02 22    15
1918 03 01    28
1918 03 08    65
1918 03 15    20
1918 03 22    17
1918 03 29   115
1918 04 05   227
1918 04 12   229
1918 04 19   202
1918 04 26   207
1918 05 03   206
1918 05 10   205
1918 05 17   228
1918 05 24   240
1918 05 31   216
1918 06 07   178
1918 06 14   164
1918 06 21   140
1918 06 28   126
1918 07 05   138
1918 07 12   138
1918 07 19   125
1918 07 26   110
1918 08 02    91
1918 08 09    70
1918 08 16    61
1918 08 23    54
1918 08 30    37
1918 09 06    40
1918 09 13    48
1918 09 20    60
1918 09 27    76
1918 10 04   108
1918 10 11   132
1918 10 18   133
1918 10 25   127
1918 11 01   146
1918 11 08   190
1918 11 15   164
1918 11 22   210
1918 11 29   190
1918 12 06   153
1918 12 13   131
1918 12 20   120
1918 12 27   116
1919 01 03   114
1919 01 10   109
1919 01 17    92
1919 01 24    92
1919 01 31    85
1919 02 07   116
1919 02 14    39
1919 02 21    31
1919 02 28    31
1919 03 07    77
1919 03 14    69
1919 03 21    95
1919 03 28   178
1919 04 04   160
1919 04 11   162
1919 04 18   266
1919 04 25   330
1919 05 02   335
1919 05 09   372
1919 05 16   357
1919 05 23   342
1919 05 30   431
1919 06 06   353
1919 06 13   269
1919 06 20   219
1919 06 27   188
1919 07 04   143
1919 07 11   100
1919 07 18    70
1919 07 25    58
1919 08 01    41
1919 08 08    37
1919 08 15    39
1919 08 22    29
1919 08 29    36
1919 09 05    33
1919 09 12    43
1919 09 19    53
1919 09 26    54
1919 10 03    61
1919 10 10    78
1919 10 17    98
1919 10 24    95
1919 10 31    91
1919 11 07   164
1919 11 14   128
1919 11 21   125
1919 11 28   139
1919 12 05   137
1919 12 12   129
1919 12 19   114
1919 12 26    96
1920 01 02    87
1920 01 09    91
1920 01 16    59
1920 01 23    51
1920 01 30    31
1920 02 06    79
1920 02 13    68
1920 02 20    24
1920 02 27    26
1920 03 05    39
1920 03 12    33
1920 03 19    47
1920 03 26   137
1920 04 02   233
1920 04 09   217
1920 04 16   197
1920 04 23   221
1920 04 30   241
1920 05 07   255
1920 05 14   223
1920 05 21   191
1920 05 28   175
1920 06 04   152
1920 06 11   130
1920 06 18   108
1920 06 25    90
1920 07 02    78
1920 07 09    78
1920 07 16    86
1920 07 23    93
1920 07 30    82
1920 08 06    75
1920 08 13    70
1920 08 20    64
1920 08 27    56
1920 09 03    50
1920 09 10    48
1920 09 17    46
1920 09 24    42
1920 10 01    41
1920 10 08    45
1920 10 15    36
1920 10 22    31
1920 10 29    32
1920 11 05    54
1920 11 12    60
1920 11 19    60
1920 11 26    59
1920 12 03    59
1920 12 10    67
1920 12 17    80
1920 12 24   102
1920 12 31   102
1921 01 07    62
1921 01 14    45
1921 01 21    64
1921 01 28    78
1921 02 04    91
1921 02 11    56
1921 02 18    22
1921 02 25     7
1921 03 04    30
1921 03 11    94
1921 03 18   169
1921 03 25   214
1921 04 01   256
1921 04 08   260
1921 04 15   235
1921 04 22   247
1921 04 29   251
1921 05 06   272
1921 05 13   262
1921 05 20   150
1921 05 27   130
1921 06 03   140
1921 06 10   121
1921 06 17    91
1921 06 24    70
1921 07 01    62
1921 07 08    54
1921 07 15    54
1921 07 22    45
1921 07 29    42
1921 08 05    41
1921 08 12    38
1921 08 19    37
1921 08 26    38
1921 09 02    39
1921 09 09    35
1921 09 16    27
1921 09 23    23
1921 09 30    26
1921 10 07    23
1921 10 14    30
1921 10 21    43
1921 10 28    58
1921 11 04    57
1921 11 11    50
1921 11 18    54
1921 11 25    64
1921 12 02    63
1921 12 09    62
1921 12 16    60
1921 12 23    60
1921 12 30    71
1922 01 06    56
1922 01 13    54
1922 01 20    48
1922 01 27    48
1922 02 03    44
1922 02 10    40
1922 02 17    57
1922 02 24    45
1922 03 03    27
1922 03 10    57
1922 03 17   106
1922 03 24   144
1922 03 31   105
1922 04 07   139
1922 04 14   273
1922 04 21   429
1922 04 28   449
1922 05 05   381
1922 05 12   333
1922 05 19   298
1922 05 26   262
1922 06 02   214
1922 06 09   157
1922 06 16   131
1922 06 23   136
1922 06 30   156
1922 07 07   119
1922 07 14    87
1922 07 21    79
1922 07 28    77
1922 08 04    66
1922 08 11    59
1922 08 18    54
1922 08 25    45
1922 09 01    42
1922 09 08    45
1922 09 15    37
1922 09 22    43
1922 09 29    35
1922 10 06    34
1922 10 13    30
1922 10 20    34
1922 10 27    39
1922 11 03    37
1922 11 10    34
1922 11 17    35
1922 11 24    37
1922 12 01    38
1922 12 08    31
1922 12 15    37
1922 12 22    28
1922 12 29    28
1923 01 05    27
1923 01 12    13
1923 01 19    24
1923 01 26    46
1923 02 02    51
1923 02 09    42
1923 02 16    36
1923 02 23    10
1923 03 02    -3
1923 03 09    10
1923 03 16    42
1923 03 23    39
1923 03 30    51
1923 04 06    46
1923 04 13   149
1923 04 20   169
1923 04 27   194
1923 05 04   283
1923 05 11   347
1923 05 18   365
1923 05 25   355
1923 06 01   328
1923 06 08   235
1923 06 15   266
1923 06 22   162
1923 06 29   128
1923 07 06   119
1923 07 13   100
1923 07 20    81
1923 07 27    66
1923 08 03    57
1923 08 10    53
1923 08 17    50
1923 08 24    49
1923 08 31    54
1923 09 07    54
1923 09 14    54
1923 09 21    59
1923 09 28    56
1923 10 05    48
1923 10 12    37
1923 10 19    31
1923 10 26    37
1923 11 02    48
1923 11 09    54
1923 11 16    54
1923 11 23    45
1923 11 30    54
1923 12 07    83
1923 12 14    92
1923 12 21    77
1923 12 28    78
1924 01 04    62
1924 01 11    66
1924 01 18   100
1924 01 25   102
1924 02 01    69
1924 02 08    44
1924 02 15    75
1924 02 22    62
1924 02 29    25
1924 03 07    37
1924 03 14    32
1924 03 21    46
1924 03 28   129
1924 04 04   145
1924 04 11   177
1924 04 18   242
1924 04 25   252
1924 05 02   275
1924 05 09   318
1924 05 16   331
1924 05 23   376
1924 05 30   340
1924 06 06   277
1924 06 13   226
1924 06 20   184
1924 06 27   158
1924 07 04   131
1924 07 11   104
1924 07 18    85
1924 07 25    85
1924 08 01    82
1924 08 08    62
1924 08 15    59
1924 08 22    57
1924 08 29    54
1924 09 05    52
1924 09 12    48
1924 09 19    56
1924 09 26    64
1924 10 03    90
1924 10 10   117
1924 10 17    84
1924 10 24    63
1924 10 31    54
1924 11 07    49
1924 11 14    53
1924 11 21    56
1924 11 28    87
1924 12 05    89
1924 12 12    88
1924 12 19    83
1924 12 26    69
1925 01 02    62
1925 01 09    74
1925 01 16    78
1925 01 23     6
1925 01 30    -2
1925 02 06    72
1925 02 13    49
1925 02 20    91
1925 02 27    84
1925 03 06    89
1925 03 13    86
1925 03 20   124
1925 03 27   200
1925 04 03   261
1925 04 10   267
1925 04 17   241
1925 04 24   250
1925 05 01   225
1925 05 08   249
1925 05 15   250
1925 05 22   207
1925 05 29   175
1925 06 05   171
1925 06 12   177
1925 06 19   181
1925 06 26   169
1925 07 03   146
1925 07 10   129
1925 07 17   106
1925 07 24    91
1925 07 31    96
1925 08 07    99
1925 08 14    78
1925 08 21    64
1925 08 28    61
1925 09 04    51
1925 09 11    46
1925 09 18    57
1925 09 25    66
1925 10 02    59
1925 10 09    53
1925 10 16    57
1925 10 23    63
1925 10 30    73
1925 11 06    64
1925 11 13    76
1925 11 20   125
1925 11 27   119
1925 12 04    94
1925 12 11   105
1925 12 18   113
1925 12 25    91
1926 01 01    83
1926 01 08    90
1926 01 15    85
1926 01 22    45
1926 01 29    48
1926 02 05    54
1926 02 12    55
1926 02 19    38
1926 02 26    33
1926 03 05    52
1926 03 12    48
1926 03 19    32
1926 03 26    37
1926 04 02    54
1926 04 09    69
1926 04 16   119
1926 04 23   167
1926 04 30   320
1926 05 07   275
1926 05 14   282
1926 05 21   274
1926 05 28   274
1926 06 04   262
1926 06 11   241
1926 06 18   216
1926 06 25   185
1926 07 02   134
1926 07 09   114
1926 07 16   136
1926 07 23   138
1926 07 30   122
1926 08 06    95
1926 08 13    81
1926 08 20    61
1926 08 27    52
1926 09 03    50
1926 09 10    49
1926 09 17    51
1926 09 24    51
1926 10 01    51
1926 10 08    51
1926 10 15    43
1926 10 22    34
1926 10 29    73
1926 11 05    83
1926 11 12    90
1926 11 19   133
1926 11 26   167
1926 12 03   161
1926 12 10   143
1926 12 17   127
1926 12 24    93
1926 12 31    74
1927 01 07   113
1927 01 14   122
1927 01 21    54
1927 01 28    53
1927 02 04    76
1927 02 11   114
1927 02 18   106
1927 02 25    67
1927 03 04    75
1927 03 11    91
1927 03 18   172
1927 03 25   258
1927 04 01   187
1927 04 08   150
1927 04 15   105
1927 04 22   125
1927 04 29   164
1927 05 06   158
1927 05 13   140
1927 05 20   155
1927 05 27   166
1927 06 03   171
1927 06 10   171
1927 06 17   158
1927 06 24   152
1927 07 01   130
1927 07 08   124
1927 07 15   125
1927 07 22   102
1927 07 29   114
1927 08 05   120
1927 08 12   107
1927 08 19    82
1927 08 26    68
1927 09 02    64
1927 09 09    60
1927 09 16    48
1927 09 23    46
1927 09 30    45
1927 10 07    51
1927 10 14    48
1927 10 21    65
1927 10 28    68
1927 11 04    74
1927 11 11    80
1927 11 18   148
1927 11 25   237
1927 12 02   229
1927 12 09   199
1927 12 16   153
1927 12 23   119
1927 12 30   114
1928 01 06   123
1928 01 13   103
1928 01 20   110
1928 01 27   147
1928 02 03   165
1928 02 10   142
1928 02 17    90
1928 02 24    58
1928 03 02    80
1928 03 09   106
1928 03 16    75
1928 03 23    79
1928 03 30   153
1928 04 06   218
1928 04 13   379
1928 04 20   376
1928 04 27   322
1928 05 04   324
1928 05 11   386
1928 05 18   452
1928 05 25   447
1928 06 01   400
1928 06 08   351
1928 06 15   277
1928 06 22   176
1928 06 29   143
1928 07 06   144
1928 07 13   131
1928 07 20   127
1928 07 27   128
1928 08 03   121
1928 08 10   112
1928 08 17   105
1928 08 24    77
1928 08 31    62
1928 09 07    57
1928 09 14    66
1928 09 21   100
1928 09 28   101
1928 10 05   103
1928 10 12   107
1928 10 19   165
1928 10 26   226
1928 11 02   251
1928 11 09   239
1928 11 16   183
1928 11 23   187
1928 11 30   190
1928 12 07   145
1928 12 14   130
1928 12 21   130
1928 12 28   124
1929 01 04    83
1929 01 11    73
1929 01 18   108
1929 01 25   142
1929 02 01   192
1929 02 08   145
1929 02 15    87
1929 02 22    48
1929 03 01    49
1929 03 08    71
1929 03 15   105
1929 03 22   204
1929 03 29   245
1929 04 05   298
1929 04 12   263
1929 04 19   291
1929 04 26   321
1929 05 03   330
1929 05 10   390
1929 05 17   411
1929 05 24   378
1929 05 31   306
1929 06 07   237
1929 06 14   186
1929 06 21   157
1929 06 28   144
1929 07 05   133
1929 07 12   119
1929 07 19   121
1929 07 26   108
1929 08 02    74
1929 08 09    60
1929 08 16    59
1929 08 23    56
1929 08 30    51
1929 09 06    49
1929 09 13    43
1929 09 20    46
1929 09 27    49
1929 10 04    52
1929 10 11    56
1929 10 18    57
1929 10 25    54
1929 11 01    58
1929 11 08    82
1929 11 15    82
1929 11 22    93
1929 11 29    60
1929 12 06    56
1929 12 13    57
1929 12 20    53
1929 12 27    51
1930 01 03    39
1930 01 10    51
1930 01 17   117
1930 01 24   100
1930 01 31   116
1930 02 07    91
1930 02 14    77
1930 02 21    57
1930 02 28    28
1930 03 07    80
1930 03 14    65
1930 03 21    62
1930 03 28    61
1930 04 04   127
1930 04 11   166
1930 04 18   154
1930 04 25   159
1930 05 02   160
1930 05 09   164
1930 05 16   167
1930 05 23   170
1930 05 30   169
1930 06 06   145
1930 06 13   135
1930 06 20   153
1930 06 27   167
1930 07 04   169
1930 07 11   170
1930 07 18   160
1930 07 25   133
1930 08 01   107
1930 08 08    91
1930 08 15    68
1930 08 22    79
1930 08 29    60
1930 09 05    53
1930 09 12    48
1930 09 19    48
1930 09 26    54
1930 10 03    58
1930 10 10    58
1930 10 17    51
1930 10 24    45
1930 10 31    48
1930 11 07    49
1930 11 14    53
1930 11 21    49
1930 11 28    48
1930 12 05    42
1930 12 12    39
1930 12 19    42
1930 12 26    42
1931 01 02    24
1931 01 09   -10
1931 01 16    23
1931 01 23    68
1931 01 30    85
1931 02 06    93
1931 02 13    49
1931 02 20    18
1931 02 27    -5
1931 03 06    37
1931 03 13    21
1931 03 20    24
1931 03 27    71
1931 04 03   115
1931 04 10   128
1931 04 17   124
1931 04 24   144
1931 05 01   112
1931 05 08   156
1931 05 15   124
1931 05 22   108
1931 05 29   100
1931 06 05    89
1931 06 12    96
1931 06 19    95
1931 06 26    76
1931 07 03    56
1931 07 10    49
1931 07 17    46
1931 07 24    48
1931 07 31    48
1931 08 07    43
1931 08 14    38
1931 08 21    45
1931 08 28    40
1931 09 04    36
1931 09 11    33
1931 09 18    30
1931 09 25    34
1931 10 02    38
1931 10 09    34
1931 10 16    34
1931 10 23    31
1931 10 30    36
1931 11 06    39
1931 11 13    41
1931 11 20    51
1931 11 27    52
1931 12 04    56
1931 12 11    62
1931 12 18    74
1931 12 25    81
1932 01 01    72
1932 01 08    82
1932 01 15    85
1932 01 22   139
1932 01 29    93
1932 02 05    81
1932 02 12    84
1932 02 19   101
1932 02 26    86
1932 03 04    62
1932 03 11    60
1932 03 18    75
1932 03 25    74
1932 04 01    82
1932 04 08   164
1932 04 15   303
1932 04 22   263
1932 04 29   239
1932 05 06   218
1932 05 13   179
1932 05 20   140
1932 05 27   121
1932 06 03   115
1932 06 10   109
1932 06 17    88
1932 06 24    75
1932 07 01    64
1932 07 08    57
1932 07 15    82
1932 07 22    79
1932 07 29    72
1932 08 05    63
1932 08 12    55
1932 08 19    54
1932 08 26    65
1932 09 02    81
1932 09 09    98
1932 09 16   122
1932 09 23   102
1932 09 30    85
1932 10 07   102
1932 10 14   143
1932 10 21   162
1932 10 28   174
1932 11 04   199
1932 11 11   212
1932 11 18   212
1932 11 25   206
1932 12 02   156
1932 12 09   109
1932 12 16   130
1932 12 23   110
1932 12 30    93
1933 01 06   108
1933 01 13   117
1933 01 20   103
1933 01 27    93
1933 02 03    72
1933 02 10    80
1933 02 17    98
1933 02 24    60
1933 03 03    58
1933 03 10    63
1933 03 17    64
1933 03 24    68
1933 03 31    71
1933 04 07   235
1933 04 14   324
1933 04 21   381
1933 04 28   362
1933 05 05   347
1933 05 12   323
1933 05 19   267
1933 05 26   221
1933 06 02   188
1933 06 09   158
1933 06 16   123
1933 06 23   114
1933 06 30    93
1933 07 07    77
1933 07 14    65
1933 07 21    58
1933 07 28    57
1933 08 04    59
1933 08 11    60
1933 08 18    60
1933 08 25    62
1933 09 01    61
1933 09 08    49
1933 09 15    51
1933 09 22    43
1933 09 29    40
1933 10 06    49
1933 10 13    39
1933 10 20    38
1933 10 27    43
1933 11 03    43
1933 11 10    38
1933 11 17    37
1933 11 24    42
1933 12 01    38
1933 12 08    43
1933 12 15    48
1933 12 22    37
1933 12 29    36
1934 01 05    52
1934 01 12    41
1934 01 19    28
1934 01 26    48
1934 02 02    49
1934 02 09     2
1934 02 16    39
1934 02 23    32
1934 03 02    41
1934 03 09    53
1934 03 16    50
1934 03 23    53
1934 03 30    60
1934 04 06   183
1934 04 13   303
1934 04 20   323
1934 04 27   282
1934 05 04   261
1934 05 11   294
1934 05 18   313
1934 05 25   271
1934 06 01   224
1934 06 08   173
1934 06 15   119
1934 06 22   130
1934 06 29   127
1934 07 06   116
1934 07 13    95
1934 07 20    78
1934 07 27    61
1934 08 03    46
1934 08 10    37
1934 08 17    29
1934 08 24    27
1934 08 31    37
1934 09 07    37
1934 09 14    29
1934 09 21    33
1934 09 28    35
1934 10 05    39
1934 10 12    49
1934 10 19    53
1934 10 26    48
1934 11 02    45
1934 11 09    49
1934 11 16    37
1934 11 23    42
1934 11 30    54
1934 12 07    74
1934 12 14    83
1934 12 21    76
1934 12 28    82
1935 01 04    91
1935 01 11    84
1935 01 18    87
1935 01 25   108
1935 02 01    96
1935 02 08    94
1935 02 15    59
1935 02 22    45
1935 03 01    62
1935 03 08    73
1935 03 15    65
1935 03 22   141
1935 03 29   178
1935 04 05   158
1935 04 12   118
1935 04 19   167
1935 04 26   204
1935 05 03   194
1935 05 10   207
1935 05 17   172
1935 05 24   113
1935 05 31    77
1935 06 07    68
1935 06 14    60
1935 06 21   103
1935 06 28   142
1935 07 05   127
1935 07 12   103
1935 07 19    87
1935 07 26    79
1935 08 02    72
1935 08 09    67
1935 08 16    59
1935 08 23    57
1935 08 30    46
1935 09 06    45
1935 09 13    47
1935 09 20    46
1935 09 27    43
1935 10 04    47
1935 10 11    48
1935 10 18    39
1935 10 25    36
1935 11 01    48
1935 11 08    45
1935 11 15    74
1935 11 22    65
1935 11 29    65
1935 12 06    68
1935 12 13    64
1935 12 20    58
1935 12 27    56
1936 01 03    53
1936 01 10    39
1936 01 17    36
1936 01 24    86
1936 01 31   102
1936 02 07    85
1936 02 14    70
1936 02 21    20
1936 02 28     9
1936 03 06    79
1936 03 13    92
1936 03 20   194
1936 03 27   284
1936 04 03   279
1936 04 10   213
1936 04 17   201
1936 04 24   239
1936 05 01   213
1936 05 08   246
1936 05 15   354
1936 05 22   408
1936 05 29   330
1936 06 05   264
1936 06 12   224
1936 06 19   187
1936 06 26   149
1936 07 03   110
1936 07 10    92
1936 07 17    75
1936 07 24    56
1936 07 31    48
1936 08 07    48
1936 08 14    44
1936 08 21    45
1936 08 28    43
1936 09 04    42
1936 09 11    46
1936 09 18    51
1936 09 25    51
1936 10 02    53
1936 10 09    59
1936 10 16    71
1936 10 23    87
1936 10 30   107
1936 11 06   134
1936 11 13   134
1936 11 20   117
1936 11 27    96
1936 12 04    78
1936 12 11    73
1936 12 18    80
1936 12 25    92
1937 01 01   101
1937 01 08   130
1937 01 15   139
1937 01 22   156
1937 01 29   134
1937 02 05   161
1937 02 12   120
1937 02 19    91
1937 02 26    92
1937 03 05   110
1937 03 12   123
1937 03 19   100
1937 03 26    82
1937 04 02   104
1937 04 09   161
1937 04 16   224
1937 04 23   212
1937 04 30   269
1937 05 07   280
1937 05 14   295
1937 05 21   266
1937 05 28   204
1937 06 04   163
1937 06 11   139
1937 06 18   118
1937 06 25   103
1937 07 02    86
1937 07 09    72
1937 07 16    58
1937 07 23    51
1937 07 30    51
1937 08 06    55
1937 08 13    52
1937 08 20    63
1937 08 27    59
1937 09 03    50
1937 09 10    44
1937 09 17    42
1937 09 24    47
1937 10 01    51
1937 10 08    51
1937 10 15    57
1937 10 22    51
1937 10 29    75
1937 11 05    89
1937 11 12   103
1937 11 19   153
1937 11 26   167
1937 12 03   130
1937 12 10   107
1937 12 17    97
1937 12 24    92
1937 12 31    87
1938 01 07    99
1938 01 14    84
1938 01 21   103
1938 01 28    57
1938 02 04    63
1938 02 11    98
1938 02 18   120
1938 02 25    74
1938 03 04    89
1938 03 11   114
1938 03 18   117
1938 03 25   213
1938 04 01   360
1938 04 08   297
1938 04 15   232
1938 04 22   301
1938 04 29   342
1938 05 06   312
1938 05 13   271
1938 05 20   218
1938 05 27   193
1938 06 03   174
1938 06 10   147
1938 06 17   118
1938 06 24    96
1938 07 01    76
1938 07 08    59
1938 07 15    54
1938 07 22    51
1938 07 29    51
1938 08 05    53
1938 08 12    49
1938 08 19    48
1938 08 26    50
1938 09 02    48
1938 09 09    47
1938 09 16    43
1938 09 23    45
1938 09 30    90
1938 10 07    73
1938 10 14    59
1938 10 21    64
1938 10 28    65
1938 11 04    57
1938 11 11    50
1938 11 18    55
1938 11 25    62
1938 12 02    54
1938 12 09    57
1938 12 16    72
1938 12 23    62
1938 12 30    57
1939 01 06    47
1939 01 13    43
1939 01 20    91
1939 01 27    80
1939 02 03    61
1939 02 10    67
1939 02 17    71
1939 02 24    66
1939 03 03    61
1939 03 10    81
1939 03 17   101
1939 03 24    69
1939 03 31    65
1939 04 07    90
1939 04 14   137
1939 04 21   246
1939 04 28   302
1939 05 05   297
1939 05 12   304
1939 05 19   290
1939 05 26   252
1939 06 02   212
1939 06 09   174
1939 06 16   160
1939 06 23   139
1939 06 30   131
1939 07 07   127
1939 07 14    96
1939 07 21    91
1939 07 28    79
1939 08 04    72
1939 08 11    70
1939 08 18    83
1939 08 25    94
1939 09 01    72
1939 09 08    57
1939 09 15    51
1939 09 22    46
1939 09 29    48
1939 10 06    44
1939 10 13    47
1939 10 20    57
1939 10 27    59
1939 11 03    63
1939 11 10    72
1939 11 17    79
1939 11 24    68
1939 12 01    58
1939 12 08    68
1939 12 15    74
1939 12 22    62
1939 12 29    62
1940 01 05    54
1940 01 12    69
1940 01 19    41
1940 01 26    34
1940 02 02    75
1940 02 09    82
1940 02 16    39
1940 02 23    28
1940 03 01    10
1940 03 08    37
1940 03 15    48
1940 03 22    48
1940 03 29    55
1940 04 05    83
1940 04 12   139
1940 04 19   222
1940 04 26   240
1940 05 03   224
1940 05 10   228
1940 05 17   194
1940 05 24   154
1940 05 31   162
1940 06 07   238
1940 06 14   211
1940 06 21   188
1940 06 28   166
1940 07 05   165
1940 07 12   149
1940 07 19   113
1940 07 26    90
1940 08 02    79
1940 08 09    70
1940 08 16    61
1940 08 23    51
1940 08 30    51
1940 09 06    55
1940 09 13    50
1940 09 20    52
1940 09 27    59
1940 10 04    51
1940 10 11    45
1940 10 18    49
1940 10 25    50
1940 11 01    48
1940 11 08    46
1940 11 15    63
1940 11 22    65
1940 11 29    75
1940 12 06    72
1940 12 13    67
1940 12 20    84
1940 12 27    89
1941 01 03    67
1941 01 10    51
1941 01 17    90
1941 01 24   118
1941 01 31   133
1941 02 07   119
1941 02 14    68
1941 02 21    57
1941 02 28    56
1941 03 07    73
1941 03 14    66
1941 03 21    57
1941 03 28    59
1941 04 04   115
1941 04 11   162
1941 04 18   199
1941 04 25   255
1941 05 02   281
1941 05 09   223
1941 05 16   122
1941 05 23   108
1941 05 30   111
1941 06 06    98
1941 06 13    76
1941 06 20    59
1941 06 27    53
1941 07 04    49
1941 07 11    55
1941 07 18    60
1941 07 25    56
1941 08 01    62
1941 08 08    65
1941 08 15    46
1941 08 22    45
1941 08 29    48
1941 09 05    42
1941 09 12    50
1941 09 19    56
1941 09 26    54
1941 10 03    52
1941 10 10    61
1941 10 17    86
1941 10 24   109
1941 10 31   102
1941 11 07   102
1941 11 14   136
1941 11 21   144
1941 11 28   134
1941 12 05   122
1941 12 12   109
1941 12 19    93
1941 12 26    95
1942 01 02    92
1942 01 09    70
1942 01 16   125
1942 01 23    76
1942 01 30    91
1942 02 06   119
1942 02 13   107
1942 02 20    85
1942 02 27    46
1942 03 06    76
1942 03 13    98
1942 03 20   154
1942 03 27   197
1942 04 03   208
1942 04 10   192
1942 04 17   206
1942 04 24   279
1942 05 01   271
1942 05 08   244
1942 05 15   170
1942 05 22   130
1942 05 29   164
1942 06 05   172
1942 06 12   147
1942 06 19   125
1942 06 26   112
1942 07 03    86
1942 07 10    67
1942 07 17    60
1942 07 24    51
1942 07 31    48
1942 08 07    45
1942 08 14    48
1942 08 21    45
1942 08 28    43
1942 09 04    39
1942 09 11    38
1942 09 18    42
1942 09 25    45
1942 10 02    47
1942 10 09    49
1942 10 16    51
1942 10 23    34
1942 10 30    43
1942 11 06    54
1942 11 13    59
1942 11 20    68
1942 11 27    64
1942 12 04    61
1942 12 11    59
1942 12 18    59
1942 12 25    61
1943 01 01    57
1943 01 08    56
1943 01 15    91
1943 01 22    68
1943 01 29    73
1943 02 05    93
1943 02 12    77
1943 02 19    80
1943 02 26    71
1943 03 05   130
1943 03 12   127
1943 03 19   100
1943 03 26   119
1943 04 02   166
1943 04 09   200
1943 04 16   160
1943 04 23   173
1943 04 30   244
1943 05 07   357
1943 05 14   461
1943 05 21   398
1943 05 28   304
1943 06 04   233
1943 06 11   189
1943 06 18   197
1943 06 25   220
1943 07 02   179
1943 07 09   144
1943 07 16   104
1943 07 23    68
1943 07 30    51
1943 08 06    51
1943 08 13    51
1943 08 20    60
1943 08 27    56
1943 09 03    52
1943 09 10    53
1943 09 17    53
1943 09 24    59
1943 10 01    62
1943 10 08    60
1943 10 15    54
1943 10 22    56
1943 10 29    71
1943 11 05    75
1943 11 12    90
1943 11 19    90
1943 11 26    76
1943 12 03    64
1943 12 10    62
1943 12 17    69
1943 12 24    66
1943 12 31    71
1944 01 07    96
1944 01 14   111
1944 01 21    67
1944 01 28     9
1944 02 04    46
1944 02 11    83
1944 02 18    47
1944 02 25     4
1944 03 03    23
1944 03 10    70
1944 03 17    80
1944 03 24    80
1944 03 31   114
1944 04 07    91
1944 04 14    98
1944 04 21   107
1944 04 28   170
1944 05 05   185
1944 05 12   194
1944 05 19   163
1944 05 26   115
1944 06 02    84
1944 06 09    67
1944 06 16    63
1944 06 23    66
1944 06 30    57
1944 07 07    46
1944 07 14    43
1944 07 21    40
1944 07 28    42
1944 08 04    46
1944 08 11    41
1944 08 18    34
1944 08 25    37
1944 09 01    36
1944 09 08    31
1944 09 15    45
1944 09 22    45
1944 09 29    48
1944 10 06    46
1944 10 13    46
1944 10 20    50
1944 10 27    54
1944 11 03    55
1944 11 10    54
1944 11 17    53
1944 11 24    51
1944 12 01    53
1944 12 08    48
1944 12 15    56
1944 12 22    59
1944 12 29    59
1945 01 05    84
1945 01 12    79
1945 01 19    58
1945 01 26    58
1945 02 02    77
1945 02 09    94
1945 02 16    72
1945 02 23    33
1945 03 02    26
1945 03 09   100
1945 03 16   125
1945 03 23   244
1945 03 30   246
1945 04 06   319
1945 04 13   255
1945 04 20   145
1945 04 27   142
1945 05 04   191
1945 05 11   202
1945 05 18   210
1945 05 25   214
1945 06 01   155
1945 06 08   164
1945 06 15   193
1945 06 22   147
1945 06 29   106
1945 07 06    75
1945 07 13    65
1945 07 20    71
1945 07 27    67
1945 08 03    53
1945 08 10    42
1945 08 17    43
1945 08 24    45
1945 08 31    39
1945 09 07    45
1945 09 14    38
1945 09 21    52
1945 09 28    62
1945 10 05    94
1945 10 12    97
1945 10 19    88
1945 10 26    80
1945 11 02    78
1945 11 09    87
1945 11 16    82
1945 11 23    93
1945 11 30   105
1945 12 07    82
1945 12 14    73
1945 12 21    62
1945 12 28    56
1946 01 04    44
1946 01 11    50
1946 01 18    84
1946 01 25   116
1946 02 01   138
1946 02 08   110
1946 02 15    88
1946 02 22    59
1946 03 01    61
1946 03 08    88
1946 03 15   181
1946 03 22   223
1946 03 29   178
1946 04 05   180
1946 04 12   165
1946 04 19   142
1946 04 26   128
1946 05 03   108
1946 05 10    94
1946 05 17   105
1946 05 24   143
1946 05 31   150
1946 06 07   150
1946 06 14   123
1946 06 21    95
1946 06 28    79
1946 07 05    59
1946 07 12    52
1946 07 19    43
1946 07 26    36
1946 08 02    35
1946 08 09    39
1946 08 16    37
1946 08 23    37
1946 08 30    40
1946 09 06    39
1946 09 13    40
1946 09 20    41
1946 09 27    42
1946 10 04    54
1946 10 11    58
1946 10 18    60
1946 10 25    69
1946 11 01    69
1946 11 08    91
1946 11 15    99
1946 11 22    85
1946 11 29    87
1946 12 06    73
1946 12 13   127
1946 12 20   134
1946 12 27   108
1947 01 03   103
1947 01 10   132
1947 01 17   150
1947 01 24    94
1947 01 31    99
1947 02 07   161
1947 02 14   179
1947 02 21   107
1947 02 28    65
1947 03 07    99
1947 03 14    90
1947 03 21   120
1947 03 28   139
1947 04 04   173
1947 04 11   276
1947 04 18   381
1947 04 25   355
1947 05 02   329
1947 05 09   414
1947 05 16   422
1947 05 23   419
1947 05 30   473
1947 06 06   470
1947 06 13   428
1947 06 20   392
1947 06 27   344
1947 07 04   268
1947 07 11   214
1947 07 18   158
1947 07 25   110
1947 08 01    96
1947 08 08    93
1947 08 15    62
1947 08 22    59
1947 08 29    52
1947 09 05    51
1947 09 12    46
1947 09 19    45
1947 09 26    49
1947 10 03    51
1947 10 10    50
1947 10 17    45
1947 10 24    43
1947 10 31    45
1947 11 07    40
1947 11 14    67
1947 11 21    54
1947 11 28    51
1947 12 05    53
1947 12 12    55
1947 12 19    61
1947 12 26    62
1948 01 02    58
1948 01 09    50
1948 01 16    32
1948 01 23    74
1948 01 30    88
1948 02 06    90
1948 02 13    87
1948 02 20    46
1948 02 27    32
1948 03 05    70
1948 03 12    72
1948 03 19   124
1948 03 26   203
1948 04 02   228
1948 04 09   180
1948 04 16   161
1948 04 23   170
1948 04 30   178
1948 05 07   167
1948 05 14   138
1948 05 21   121
1948 05 28   117
1948 06 04   105
1948 06 11    93
1948 06 18    79
1948 06 25    64
1948 07 02    51
1948 07 09    46
1948 07 16    50
1948 07 23    42
1948 07 30    37
1948 08 06    37
1948 08 13    41
1948 08 20    42
1948 08 27    39
1948 09 03    34
1948 09 10    31
1948 09 17    36
1948 09 24    32
1948 10 01    30
1948 10 08    34
1948 10 15    34
1948 10 22    28
1948 10 29    31
1948 11 05    30
1948 11 12    28
1948 11 19    38
1948 11 26    55
1948 12 03    61
1948 12 10    55
1948 12 17    60
1948 12 24    45
1948 12 31    48
1949 01 07    36
1949 01 14    56
1949 01 21    92
1949 01 28   153
1949 02 04   151
1949 02 11   100
1949 02 18    78
1949 02 25    66
1949 03 04    79
1949 03 11    85
1949 03 18    79
1949 03 25   128
1949 04 01   232
1949 04 08   277
1949 04 15   227
1949 04 22   232
1949 04 29   244
1949 05 06   254
1949 05 13   219
1949 05 20   153
1949 05 27   110
1949 06 03    96
1949 06 10    94
1949 06 17    78
1949 06 24    71
1949 07 01    93
1949 07 08   114
1949 07 15    85
1949 07 22    48
1949 07 29    48
1949 08 05    40
1949 08 12    42
1949 08 19    40
1949 08 26    40
1949 09 02    43
1949 09 09    42
1949 09 16    40
1949 09 23    49
1949 09 30    48
1949 10 07    51
1949 10 14    51
1949 10 21    46
1949 10 28    47
1949 11 04    45
1949 11 11    46
1949 11 18    51
1949 11 25    52
1949 12 02    57
1949 12 09    60
1949 12 16    63
1949 12 23    79
1949 12 30   125
1950 01 06    67
1950 01 13    89
1950 01 20   116
1950 01 27   130
1950 02 03   121
1950 02 10    97
1950 02 17    68
1950 02 24    49
1950 03 03    89
1950 03 10   111
1950 03 17    76
1950 03 24    68
1950 03 31   102
1950 04 07   227
1950 04 14   202
1950 04 21   174
1950 04 28   168
1950 05 05   157
1950 05 12   152
1950 05 19   167
1950 05 26   161
1950 06 02   137
1950 06 09   129
1950 06 16   112
1950 06 23    88
1950 06 30    99
1950 07 07    91
1950 07 14    83
1950 07 21    85
1950 07 28    69
1950 08 04    65
1950 08 11    64
1950 08 18    61
1950 08 25    64
1950 09 01    67
1950 09 08    76
1950 09 15    62
1950 09 22    68
1950 09 29    65
1950 10 06    61
1950 10 13    61
1950 10 20    66
1950 10 27    66
1950 11 03    74
1950 11 10    84
1950 11 17    86
1950 11 24    99
1950 12 01   109
1950 12 08   100
1950 12 15    99
1950 12 22    80
1950 12 29    87
1951 01 05    80
1951 01 12    90
1951 01 19   112
1951 01 26   126
1951 02 02   142
1951 02 09   148
1951 02 16    95
1951 02 23    67
1951 03 02    80
1951 03 09   136
1951 03 16   139
1951 03 23   176
1951 03 30   192
1951 04 06   340
1951 04 13   316
1951 04 20   415
1951 04 27   429
1951 05 04   374
1951 05 11   293
1951 05 18   184
1951 05 25   125
1951 06 01    84
1951 06 08    85
1951 06 15    62
1951 06 22    62
1951 06 29    74
1951 07 06    96
1951 07 13    95
1951 07 20    87
1951 07 27    69
1951 08 03    52
1951 08 10    45
1951 08 17    44
1951 08 24    45
1951 08 31    48
1951 09 07    48
1951 09 14    46
1951 09 21    48
1951 09 28    54
1951 10 05    53
1951 10 12    64
1951 10 19    80
1951 10 26    90
1951 11 02   115
1951 11 09   159
1951 11 16   151
1951 11 23   169
1951 11 30   167
1951 12 07   119
1951 12 14   123
1951 12 21   108
1951 12 28   101
1952 01 04    95
1952 01 11   118
1952 01 18   119
1952 01 25    83
1952 02 01   106
1952 02 08   115
1952 02 15   100
1952 02 22   132
1952 02 29    59
1952 03 07    93
1952 03 14   110
1952 03 21   116
1952 03 28   125
1952 04 04   189
1952 04 11   238
1952 04 18   235
1952 04 25   228
1952 05 02   217
1952 05 09   173
1952 05 16   152
1952 05 23   210
1952 05 30   280
1952 06 06   210
1952 06 13   154
1952 06 20   114
1952 06 27    95
1952 07 04    65
1952 07 11    64
1952 07 18    81
1952 07 25    71
1952 08 01    58
1952 08 08    51
1952 08 15    59
1952 08 22    82
1952 08 29    78
1952 09 05    61
1952 09 12    49
1952 09 19    48
1952 09 26    51
1952 10 03    60
1952 10 10    76
1952 10 17    77
1952 10 24    57
1952 10 31    60
1952 11 07    59
1952 11 14    62
1952 11 21    59
1952 11 28    68
1952 12 05    69
1952 12 12    87
1952 12 19   101
1952 12 26    94
1953 01 02    70
1953 01 09    44
1953 01 16   115
1953 01 23    88
1953 01 30   107
1953 02 06   146
1953 02 13    83
1953 02 20    76
1953 02 27    80
1953 03 06   111
1953 03 13    98
1953 03 20   125
1953 03 27   225
1953 04 03   285
1953 04 10   257
1953 04 17   204
1953 04 24   217
1953 05 01   211
1953 05 08   198
1953 05 15   142
1953 05 22   150
1953 05 29    97
1953 06 05    78
1953 06 12    72
1953 06 19    60
1953 06 26    50
1953 07 03    48
1953 07 10    47
1953 07 17    44
1953 07 24    40
1953 07 31    37
1953 08 07    40
1953 08 14    44
1953 08 21    38
1953 08 28    31
1953 09 04    34
1953 09 11    31
1953 09 18    28
1953 09 25    33
1953 10 02    34
1953 10 09    39
1953 10 16    37
1953 10 23    40
1953 10 30    37
1953 11 06    44
1953 11 13    39
1953 11 20    39
1953 11 27    41
1953 12 04    39
1953 12 11    43
1953 12 18    48
1953 12 25    48
1954 01 01    52
1954 01 08    25
1954 01 15    83
1954 01 22    91
1954 01 29    45
1954 02 05    83
1954 02 12    81
1954 02 19    74
1954 02 26    78
1954 03 05   114
1954 03 12   129
1954 03 19   123
1954 03 26   138
1954 04 02   152
1954 04 09   141
1954 04 16   296
1954 04 23   346
1954 04 30   255
1954 05 07   207
1954 05 14   195
1954 05 21   144
1954 05 28   106
1954 06 04    96
1954 06 11   118
1954 06 18   142
1954 06 25   128
1954 07 02   103
1954 07 09    89
1954 07 16    75
1954 07 23    62
1954 07 30    57
1954 08 06    59
1954 08 13    53
1954 08 20    51
1954 08 27    49
1954 09 03    54
1954 09 10    60
1954 09 17    60
1954 09 24    75
1954 10 01    88
1954 10 08   141
1954 10 15   141
1954 10 22   142
1954 10 29   151
1954 11 05   159
1954 11 12   144
1954 11 19   128
1954 11 26   142
1954 12 03   145
1954 12 10   117
1954 12 17   108
1954 12 24   116
1954 12 31   119
1955 01 07   119
1955 01 14   119
1955 01 21   136
1955 01 28   145
1955 02 04   133
1955 02 11   115
1955 02 18   112
1955 02 25   110
1955 03 04   109
1955 03 11   126
1955 03 18   154
1955 03 25   163
1955 04 01   178
1955 04 08   283
1955 04 15   370
1955 04 22   396
1955 04 29   355
1955 05 06   227
1955 05 13   166
1955 05 20   116
1955 05 27    97
1955 06 03    94
1955 06 10    90
1955 06 17    73
1955 06 24    69
1955 07 01    62
1955 07 08    54
1955 07 15    54
1955 07 22    49
1955 07 29    48
1955 08 05    50
1955 08 12    46
1955 08 19    44
1955 08 26    42
1955 09 02    40
1955 09 09    42
1955 09 16    46
1955 09 23    51
1955 09 30    45
1955 10 07    48
1955 10 14    45
1955 10 21    53
1955 10 28    70
1955 11 04    96
1955 11 11   115
1955 11 18   113
1955 11 25    99
1955 12 02    90
1955 12 09    82
1955 12 16    83
1955 12 23    88
1955 12 30   102
1956 01 06    99
1956 01 13    83
1956 01 20    71
1956 01 27    73
1956 02 03    73
1956 02 10    65
1956 02 17    60
1956 02 24    68
1956 03 02    78
1956 03 09    77
1956 03 16    82
1956 03 23    85
1956 03 30    71
1956 04 06   146
1956 04 13   219
1956 04 20   251
1956 04 27   222
1956 05 04   212
1956 05 11   200
1956 05 18   181
1956 05 25   198
1956 06 01   206
1956 06 08   201
1956 06 15   159
1956 06 22   105
1956 06 29    85
1956 07 06    79
1956 07 13    77
1956 07 20    79
1956 07 27    86
1956 08 03    86
1956 08 10    76
1956 08 17    65
1956 08 24    63
1956 08 31    85
1956 09 07   105
1956 09 14    95
1956 09 21    99
1956 09 28   110
1956 10 05   111
1956 10 12   120
1956 10 19   121
1956 10 26   107
1956 11 02    90
1956 11 09    76
1956 11 16    78
1956 11 23    74
1956 11 30    93
1956 12 07    88
1956 12 14    97
1956 12 21    90
1956 12 28    70
1957 01 04    76
1957 01 11    90
1957 01 18    91
1957 01 25    88
1957 02 01   101
1957 02 08    96
1957 02 15    91
1957 02 22    95
1957 03 01   104
1957 03 08   105
1957 03 15   107
1957 03 22   153
1957 03 29   140
1957 04 05   131
1957 04 12   118
1957 04 19   104
1957 04 26   113
1957 05 03   134
1957 05 10   132
1957 05 17   115
1957 05 24   115
1957 05 31    90
1957 06 07   105
1957 06 14    93
1957 06 21    81
1957 06 28    73
1957 07 05   144
1957 07 12   194
1957 07 19   167
1957 07 26   118
1957 08 02    90
1957 08 09    79
1957 08 16    62
1957 08 23    57
1957 08 30    51
1957 09 06    49
1957 09 13    60
1957 09 20    79
1957 09 27    98
1957 10 04    98
1957 10 11    87
1957 10 18    83
1957 10 25    92
1957 11 01   110
1957 11 08   122
1957 11 15   110
1957 11 22   142
1957 11 29   145
1957 12 06   142
1957 12 13   121
1957 12 20   129
1957 12 27   171
1958 01 03   165
1958 01 10   119
1958 01 17   115
1958 01 24   117
1958 01 31   108
1958 02 07   113
1958 02 14   113
1958 02 21   119
1958 02 28   127
1958 03 07   128
1958 03 14   127
1958 03 21   128
1958 03 28   187
1958 04 04   257
1958 04 11   258
1958 04 18   216
1958 04 25   219
1958 05 02   199
1958 05 09   154
1958 05 16   125
1958 05 23   108
1958 05 30    99
1958 06 06   104
1958 06 13   109
1958 06 20    99
1958 06 27    96
1958 07 04    92
1958 07 11    94
1958 07 18   102
1958 07 25   103
1958 08 01   102
1958 08 08    85
1958 08 15    70
1958 08 22    71
1958 08 29    79
1958 09 05    69
1958 09 12    71
1958 09 19    83
1958 09 26    90
1958 10 03    88
1958 10 10    83
1958 10 17    89
1958 10 24   106
1958 10 31   145
1958 11 07   130
1958 11 14   111
1958 11 21   110
1958 11 28   119
1958 12 05   104
1958 12 12   101
1958 12 19    95
1958 12 26    85
1959 01 02    79
1959 01 09    74
1959 01 16    91
1959 01 23    82
1959 01 30    97
1959 02 06    96
1959 02 13    87
1959 02 20    78
1959 02 27    79
1959 03 06    71
1959 03 13    74
1959 03 20    81
1959 03 27   109
1959 04 03   181
1959 04 10   261
1959 04 17   259
1959 04 24   196
1959 05 01   184
1959 05 08   184
1959 05 15   158
1959 05 22   144
1959 05 29   117
1959 06 05   109
1959 06 12    97
1959 06 19    93
1959 06 26    87
1959 07 03    79
1959 07 10    79
1959 07 17    70
1959 07 24    68
1959 07 31    65
1959 08 07    57
1959 08 14    72
1959 08 21    66
1959 08 28    67
1959 09 04    76
1959 09 11    78
1959 09 18    73
1959 09 25    71
1959 10 02    69
1959 10 09    81
1959 10 16    88
1959 10 23    71
1959 10 30   100
1959 11 06   116
1959 11 13   123
1959 11 20   145
1959 11 27   156
1959 12 04   158
1959 12 11   161
1959 12 18   157
1959 12 25   133
1960 01 01    99
1960 01 08    99
1960 01 15   130
1960 01 22   127
1960 01 29   120
1960 02 05   123
1960 02 12   131
1960 02 19   143
1960 02 26   137
1960 03 04   131
1960 03 11   127
1960 03 18   116
1960 03 25   106
1960 04 01   127
1960 04 08   280
1960 04 15   359
1960 04 22   425
1960 04 29   405
1960 05 06   348
1960 05 13   338
1960 05 20   398
1960 05 27   362
1960 06 03   259
1960 06 10   160
1960 06 17   104
1960 06 24    99
1960 07 01   128
1960 07 08   179
1960 07 15   179
1960 07 22   139
1960 07 29   122
1960 08 05   123
1960 08 12   116
1960 08 19   104
1960 08 26    91
1960 09 02    80
1960 09 09    78
1960 09 16    72
1960 09 23    68
1960 09 30    74
1960 10 07    73
1960 10 14    69
1960 10 21    60
1960 10 28    71
1960 11 04    70
1960 11 11    68
1960 11 18    77
1960 11 25    86
1960 12 02    86
1960 12 09    77
1960 12 16    76
1960 12 23    73
1960 12 30    93
1961 01 06    61
1961 01 13    61
1961 01 20    74
1961 01 27    81
1961 02 03    86
1961 02 10    84
1961 02 17    70
1961 02 24    70
1961 03 03    84
1961 03 10    88
1961 03 17    67
1961 03 24    56
1961 03 31    88
1961 04 07   158
1961 04 14   151
1961 04 21   187
1961 04 28   195
1961 05 05   192
1961 05 12   162
1961 05 19   143
1961 05 26   144
1961 06 02   139
1961 06 09   128
1961 06 16   119
1961 06 23   122
1961 06 30   116
1961 07 07   102
1961 07 14   109
1961 07 21   115
1961 07 28   118
1961 08 04   101
1961 08 11    85
1961 08 18    83
1961 08 25    89
1961 09 01    93
1961 09 08    96
1961 09 15    79
1961 09 22    82
1961 09 29    91
1961 10 06   106
1961 10 13   100
1961 10 20    84
1961 10 27    79
1961 11 03    77
1961 11 10    74
1961 11 17    76
1961 11 24    83
1961 12 01    90
1961 12 08   102
1961 12 15   113
1961 12 22    79
1961 12 29    70
1962 01 05    69
1962 01 12    88
1962 01 19   110
1962 01 26   115
1962 02 02   113
1962 02 09   109
1962 02 16   106
1962 02 23   108
1962 03 02   103
1962 03 09   103
1962 03 16    90
1962 03 23    85
1962 03 30   162
1962 04 06   249
1962 04 13   302
1962 04 20   230
1962 04 27   194
1962 05 04   224
1962 05 11   237
1962 05 18   201
1962 05 25   154
1962 06 01   109
1962 06 08    88
1962 06 15    96
1962 06 22    85
1962 06 29    85
1962 07 06    63
1962 07 13    61
1962 07 20    62
1962 07 27    64
1962 08 03    66
1962 08 10    69
1962 08 17    70
1962 08 24    62
1962 08 31    54
1962 09 07    54
1962 09 14    54
1962 09 21    54
1962 09 28    56
1962 10 05    57
1962 10 12    65
1962 10 19    68
1962 10 26    68
1962 11 02    78
1962 11 09    96
1962 11 16   100
1962 11 23    71
1962 11 30    60
1962 12 07    66
1962 12 14    75
1962 12 21    57
1962 12 28    54
1963 01 04    60
1963 01 11    60
1963 01 18    53
1963 01 25    54
1963 02 01    62
1963 02 08    63
1963 02 15    51
1963 02 22    54
1963 03 01    54
1963 03 08    53
1963 03 15    48
1963 03 22    56
1963 03 29   115
1963 04 05   293
1963 04 12   279
1963 04 19   184
1963 04 26   168
1963 05 03   173
1963 05 10   159
1963 05 17   147
1963 05 24   124
1963 05 31    85
1963 06 07    79
1963 06 14    82
1963 06 21    80
1963 06 28    67
1963 07 05    56
1963 07 12    55
1963 07 19    56
1963 07 26    49
1963 08 02    42
1963 08 09    48
1963 08 16    51
1963 08 23    49
1963 08 30    49
1963 09 06    60
1963 09 13    68
1963 09 20    67
1963 09 27    60
1963 10 04    62
1963 10 11    60
1963 10 18    53
1963 10 25    51
1963 11 01    51
1963 11 08    54
1963 11 15    96
1963 11 22    96
1963 11 29    87
1963 12 06   109
1963 12 13    95
1963 12 20    82
1963 12 27    76
1964 01 03    71
1964 01 10    70
1964 01 17    79
1964 01 24    89
1964 01 31    97
1964 02 07    85
1964 02 14    74
1964 02 21    71
1964 02 28    68
1964 03 06   114
1964 03 13   134
1964 03 20   125
1964 03 27   112
1964 04 03   102
1964 04 10   109
1964 04 17   160
1964 04 24   204
1964 05 01   195
1964 05 08   150
1964 05 15   102
1964 05 22   108
1964 05 29   105
1964 06 05   102
1964 06 12    94
1964 06 19    88
1964 06 26    87
1964 07 03    82
1964 07 10    76
1964 07 17    62
1964 07 24    48
1964 07 31    45
1964 08 07    39
1964 08 14    44
1964 08 21    48
1964 08 28    52
1964 09 04    48
1964 09 11    42
1964 09 18    39
1964 09 25    38
1964 10 02    43
1964 10 09    46
1964 10 16    48
1964 10 23    48
1964 10 30    48
1964 11 06    48
1964 11 13    46
1964 11 20    47
1964 11 27    51
1964 12 04    54
1964 12 11    57
1964 12 18    57
1964 12 25    60
1965 01 01    78
1965 01 08    54
1965 01 15    68
1965 01 22    68
1965 01 29    68
1965 02 05    74
1965 02 12    99
1965 02 19    88
1965 02 26    77
1965 03 05    84
1965 03 12    89
1965 03 19    80
1965 03 26    68
1965 04 02    59
1965 04 09    63
1965 04 16   141
1965 04 23   161
1965 04 30   150
1965 05 07   153
1965 05 14   168
1965 05 21   157
1965 05 28   141
1965 06 04   113
1965 06 11    87
1965 06 18    66
1965 06 25    54
1965 07 02    47
1965 07 09    46
1965 07 16    51
1965 07 23    48
1965 07 30    45
1965 08 06    45
1965 08 13    61
1965 08 20    72
1965 08 27    74
1965 09 03    81
1965 09 10    88
1965 09 17    82
1965 09 24    88
1965 10 01   128
1965 10 08   173
1965 10 15   178
1965 10 22   181
1965 10 29   191
1965 11 05   172
1965 11 12   149
1965 11 19   149
1965 11 26   166
1965 12 03   172
1965 12 10   156
1965 12 17   128
1965 12 24   128
1965 12 31   131
1966 01 07   153
1966 01 14   126
1966 01 21   119
1966 01 28   107
1966 02 04   107
1966 02 11   116
1966 02 18   121
1966 02 25   120
1966 03 04   154
1966 03 11   173
1966 03 18   171
1966 03 25   192
1966 04 01   210
1966 04 08   176
1966 04 15   164
1966 04 22   192
1966 04 29   251
1966 05 06   225
1966 05 13   178
1966 05 20   149
1966 05 27   138
1966 06 03   132
1966 06 10   135
1966 06 17   141
1966 06 24   127
1966 07 01   107
1966 07 08    85
1966 07 15    71
1966 07 22    57
1966 07 29    57
1966 08 05    55
1966 08 12    67
1966 08 19    86
1966 08 26    86
1966 09 02    75
1966 09 09    70
1966 09 16    64
1966 09 23    59
1966 09 30    56
1966 10 07    63
1966 10 14    62
1966 10 21    69
1966 10 28    74
1966 11 04    80
1966 11 11    92
1966 11 18   106
1966 11 25   111
1966 12 02   131
1966 12 09   174
1966 12 16   249
1966 12 23   215
1966 12 30   142
1967 01 06   125
1967 01 13   120
1967 01 20   115
1967 01 27   120
1967 02 03   130
1967 02 10   137
1967 02 17   141
1967 02 24   140
1967 03 03   117
1967 03 10    93
1967 03 17    79
1967 03 24    97
1967 03 31   119
1967 04 07   317
1967 04 14   232
1967 04 21   269
1967 04 28   302
1967 05 05   269
1967 05 12   285
1967 05 19   260
1967 05 26   193
1967 06 02   140
1967 06 09   110
1967 06 16   140
1967 06 23   230
1967 06 30   235
1967 07 07   170
1967 07 14   137
1967 07 21   106
1967 07 28    86
1967 08 04    73
1967 08 11    67
1967 08 18    68
1967 08 25    70
1967 09 01    68
1967 09 08    68
1967 09 15    68
1967 09 22    68
1967 09 29    73
1967 10 06    81
1967 10 13    80
1967 10 20   108
1967 10 27   154
1967 11 03   192
1967 11 10   213
1967 11 17   220
1967 11 24   196
1967 12 01   181
1967 12 08   145
1967 12 15   153
1967 12 22   153
1967 12 29   136
1968 01 05   119
1968 01 12   128
1968 01 19   142
1968 01 26   138
1968 02 02   131
1968 02 09   134
1968 02 16   120
1968 02 23   115
1968 03 01   108
1968 03 08    93
1968 03 15    91
1968 03 22   178
1968 03 29   276
1968 04 05   296
1968 04 12   259
1968 04 19   203
1968 04 26   182
1968 05 03   165
1968 05 10   137
1968 05 17   109
1968 05 24   103
1968 05 31    94
1968 06 07    96
1968 06 14    89
1968 06 21    85
1968 06 28    89
1968 07 05   111
1968 07 12   114
1968 07 19   101
1968 07 26    85
1968 08 02    75
1968 08 09    76
1968 08 16    73
1968 08 23    76
1968 08 30    73
1968 09 06    66
1968 09 13    71
1968 09 20    76
1968 09 27    72
1968 10 04    66
1968 10 11    65
1968 10 18    65
1968 10 25    68
1968 11 01    74
1968 11 08    71
1968 11 15    82
1968 11 22    93
1968 11 29   101
1968 12 06   114
1968 12 13    95
1968 12 20    79
1968 12 27    81
1969 01 03    91
1969 01 10    99
1969 01 17    98
1969 01 24    99
1969 01 31   108
1969 02 07   127
1969 02 14    99
1969 02 21    88
1969 02 28    79
1969 03 07    74
1969 03 14    66
1969 03 21    70
1969 03 28   145
1969 04 04   190
1969 04 11   235
1969 04 18   275
1969 04 25   276
1969 05 02   275
1969 05 09   228
1969 05 16   215
1969 05 23   266
1969 05 30   218
1969 06 06   172
1969 06 13   144
1969 06 20   130
1969 06 27   132
1969 07 04   117
1969 07 11    99
1969 07 18    90
1969 07 25    84
1969 08 01    90
1969 08 08    93
1969 08 15    79
1969 08 22    96
1969 08 29    81
1969 09 05    71
1969 09 12    68
1969 09 19    70
1969 09 26    74
1969 10 03    77
1969 10 10    73
1969 10 17    72
1969 10 24    76
1969 10 31    85
1969 11 07   108
1969 11 14   129
1969 11 21   129
1969 11 28   144
1969 12 05   122
1969 12 12   124
1969 12 19   130
1969 12 26   110
1970 01 02    99
1970 01 09   122
1970 01 16   106
1970 01 23   111
1970 01 30   102
1970 02 06   102
1970 02 13    99
1970 02 20   111
1970 02 27    96
1970 03 06    96
1970 03 13   102
1970 03 20    98
1970 03 27   119
1970 04 03   139
1970 04 10   167
1970 04 17   240
1970 04 24   271
1970 05 01   257
1970 05 08   266
1970 05 15   232
1970 05 22   227
1970 05 29   173
1970 06 05   170
1970 06 12   189
1970 06 19   158
1970 06 26   121
1970 07 03   113
1970 07 10   113
1970 07 17   124
1970 07 24   137
1970 07 31   181
1970 08 07   148
1970 08 14   114
1970 08 21    91
1970 08 28    84
1970 09 04    81
1970 09 11    76
1970 09 18    76
1970 09 25    84
1970 10 02    84
1970 10 09    85
1970 10 16    88
1970 10 23    90
1970 10 30    96
1970 11 06    93
1970 11 13    99
1970 11 20   122
1970 11 27   116
1970 12 04   108
1970 12 11   105
1970 12 18   101
1970 12 25   106
1971 01 01   110
1971 01 08   102
1971 01 15   113
1971 01 22   139
1971 01 29   114
1971 02 05   119
1971 02 12   116
1971 02 19   113
1971 02 26   122
1971 03 05   123
1971 03 12   125
1971 03 19   132
1971 03 26   137
1971 04 02   137
1971 04 09   151
1971 04 16   271
1971 04 23   436
1971 04 30   394
1971 05 07   382
1971 05 14   341
1971 05 21   217
1971 05 28   162
1971 06 04   137
1971 06 11   123
1971 06 18   110
1971 06 25    96
1971 07 02    72
1971 07 09    70
1971 07 16    66
1971 07 23    74
1971 07 30    71
1971 08 06    62
1971 08 13    60
1971 08 20    67
1971 08 27    73
1971 09 03    70
1971 09 10    63
1971 09 17    67
1971 09 24    73
1971 10 01    71
1971 10 08    68
1971 10 15    65
1971 10 22    65
1971 10 29    60
1971 11 05    61
1971 11 12    59
1971 11 19    63
1971 11 26    67
1971 12 03    67
1971 12 10    76
1971 12 17    99
1971 12 24   104
1971 12 31    82
1972 01 07    68
1972 01 14    80
1972 01 21    90
1972 01 28    85
1972 02 04    87
1972 02 11    89
1972 02 18    91
1972 02 25    90
1972 03 03    91
1972 03 10    95
1972 03 17    89
1972 03 24    89
1972 03 31   113
1972 04 07   156
1972 04 14   192
1972 04 21   358
1972 04 28   346
1972 05 05   365
1972 05 12   389
1972 05 19   351
1972 05 26   272
1972 06 02   202
1972 06 09   171
1972 06 16   140
1972 06 23   118
1972 06 30   241
1972 07 07   173
1972 07 14   129
1972 07 21   146
1972 07 28   191
1972 08 04   171
1972 08 11   147
1972 08 18   134
1972 08 25   117
1972 09 01   127
1972 09 08   124
1972 09 15   107
1972 09 22    90
1972 09 29    88
1972 10 06   100
1972 10 13   106
1972 10 20   106
1972 10 27   135
1972 11 03   158
1972 11 10   175
1972 11 17   199
1972 11 24   155
1972 12 01   163
1972 12 08   139
1972 12 15   145
1972 12 22   159
1972 12 29   146
1973 01 05   164
1973 01 12   168
1973 01 19   155
1973 01 26   160
1973 02 02   181
1973 02 09   181
1973 02 16   155
1973 02 23   145
1973 03 02   138
1973 03 09   160
1973 03 16   317
1973 03 23   402
1973 03 30   257
1973 04 06   335
1973 04 13   289
1973 04 20   212
1973 04 27   209
1973 05 04   229
1973 05 11   231
1973 05 18   233
1973 05 25   214
1973 06 01   149
1973 06 08   122
1973 06 15   133
1973 06 22   178
1973 06 29   137
1973 07 06   143
1973 07 13   119
1973 07 20    82
1973 07 27    60
1973 08 03    59
1973 08 10    76
1973 08 17    87
1973 08 24    76
1973 08 31    70
1973 09 07    73
1973 09 14    61
1973 09 21    67
1973 09 28    72
1973 10 05    90
1973 10 12    91
1973 10 19    85
1973 10 26    85
1973 11 02    89
1973 11 09    90
1973 11 16    91
1973 11 23    94
1973 11 30   121
1973 12 07   121
1973 12 14   131
1973 12 21   121
1973 12 28   143
1974 01 04   145
1974 01 11   135
1974 01 18   122
1974 01 25   125
1974 02 01   160
1974 02 08   161
1974 02 15   119
1974 02 22    94
1974 03 01   125
1974 03 08   192
1974 03 15   235
1974 03 22   136
1974 03 29   124
1974 04 05   215
1974 04 12   249
1974 04 19   275
1974 04 26   297
1974 05 03   312
1974 05 10   341
1974 05 17   393
1974 05 24   459
1974 05 31   427
1974 06 07   320
1974 06 14   255
1974 06 21   220
1974 06 28   207
1974 07 05   162
1974 07 12   138
1974 07 19   115
1974 07 26    90
1974 08 02    72
1974 08 09    67
1974 08 16    59
1974 08 23    54
1974 08 30    48
1974 09 06    41
1974 09 13    50
1974 09 20    58
1974 09 27    58
1974 10 04    56
1974 10 11    62
1974 10 18    71
1974 10 25    73
1974 11 01    79
1974 11 08    93
1974 11 15   116
1974 11 22   144
1974 11 29   151
1974 12 06   126
1974 12 13   152
1974 12 20   140
1974 12 27   128
1975 01 03   124
1975 01 10   127
1975 01 17   144
1975 01 24   149
1975 01 31   125
1975 02 07   148
1975 02 14   127
1975 02 21   108
1975 02 28   107
1975 03 07   107
1975 03 14   110
1975 03 21   164
1975 03 28   197
1975 04 04   171
1975 04 11   131
1975 04 18   210
1975 04 25   342
1975 05 02   347
1975 05 09   329
1975 05 16   231
1975 05 23   133
1975 05 30   102
1975 06 06   114
1975 06 13   157
1975 06 20   147
1975 06 27   127
1975 07 04   107
1975 07 11    90
1975 07 18    78
1975 07 25    72
1975 08 01    70
1975 08 08    68
1975 08 15    62
1975 08 22    53
1975 08 29    54
1975 09 05    60
1975 09 12    60
1975 09 19    62
1975 09 26    77
1975 10 03    84
1975 10 10    70
1975 10 17    79
1975 10 24   106
1975 10 31    93
1975 11 07    96
1975 11 14   113
1975 11 21   131
1975 11 28   109
1975 12 05   115
1975 12 12   125
1975 12 19   146
1975 12 26   171
1976 01 02   175
1976 01 09   155
1976 01 16   181
1976 01 23   176
1976 01 30   170
1976 02 06   198
1976 02 13   170
1976 02 20   156
1976 02 27   148
1976 03 05   180
1976 03 12   168
1976 03 19   167
1976 03 26   277
1976 04 02   465
1976 04 09   574
1976 04 16   373
1976 04 23   317
1976 04 30   346
1976 05 07   266
1976 05 14   263
1976 05 21   300
1976 05 28   306
1976 06 04   235
1976 06 11   154
1976 06 18   114
1976 06 25   105
1976 07 02   102
1976 07 09   114
1976 07 16   101
1976 07 23    79
1976 07 30    71
1976 08 06    68
1976 08 13    72
1976 08 20    82
1976 08 27    79
1976 09 03    71
1976 09 10    69
1976 09 17    73
1976 09 24    77
1976 10 01    78
1976 10 08    70
1976 10 15   114
1976 10 22   107
1976 10 29   107
1976 11 05   107
1976 11 12    96
1976 11 19    84
1976 11 26    86
1976 12 03    97
1976 12 10   106
1976 12 17   115
1976 12 24   144
1976 12 31   210
1977 01 07   269
1977 01 14   298
1977 01 21   320
1977 01 28   274
1977 02 04   249
1977 02 11   199
1977 02 18   147
1977 02 25   136
1977 03 04   130
1977 03 11   178
1977 03 18   306
1977 03 25   341
1977 04 01   250
1977 04 08   340
1977 04 15   250
1977 04 22   246
1977 04 29   291
1977 05 06   252
1977 05 13   205
1977 05 20   143
1977 05 27   107
1977 06 03    90
1977 06 10    83
1977 06 17    78
1977 06 24    84
1977 07 01    92
1977 07 08    77
1977 07 15    79
1977 07 22    82
1977 07 29    66
1977 08 05    65
1977 08 12    64
1977 08 19    68
1977 08 26    71
1977 09 02    69
1977 09 09    72
1977 09 16    70
1977 09 23    85
1977 09 30    96
1977 10 07   155
1977 10 14   144
1977 10 21   166
1977 10 28   142
1977 11 04   121
1977 11 11   129
1977 11 18   150
1977 11 25   150
1977 12 02   158
1977 12 09   178
1977 12 16   178
1977 12 23   199
1977 12 30   159
1978 01 06    81
1978 01 13   147
1978 01 20   162
1978 01 27   105
1978 02 03    65
1978 02 10    66
1978 02 17    70
1978 02 24    74
1978 03 03    98
1978 03 10   116
1978 03 17   123
1978 03 24   140
1978 03 31   128
1978 04 07   226
1978 04 14   316
1978 04 21   397
1978 04 28   362
1978 05 05   317
1978 05 12   275
1978 05 19   234
1978 05 26   189
1978 06 02   136
1978 06 09   110
1978 06 16   121
1978 06 23   131
1978 06 30    96
1978 07 07    82
1978 07 14    87
1978 07 21    83
1978 07 28    76
1978 08 04    72
1978 08 11    72
1978 08 18    77
1978 08 25    80
1978 09 01    72
1978 09 08    62
1978 09 15    62
1978 09 22    71
1978 09 29    74
1978 10 06    83
1978 10 13    85
1978 10 20   105
1978 10 27   108
1978 11 03   102
1978 11 10    97
1978 11 17    94
1978 11 24    99
1978 12 01    94
1978 12 08    91
1978 12 15    94
1978 12 22    96
1978 12 29   121
1979 01 05   159
1979 01 12   208
1979 01 19   270
1979 01 26   258
1979 02 02   201
1979 02 09   197
1979 02 16   221
1979 02 23   196
1979 03 02   150
1979 03 09   165
1979 03 16   206
1979 03 23   221
1979 03 30   382
1979 04 06   373
1979 04 13   312
1979 04 20   291
1979 04 27   313
1979 05 04   406
1979 05 11   430
1979 05 18   363
1979 05 25   309
1979 06 01   238
1979 06 08   189
1979 06 15   164
1979 06 22   161
1979 06 29   130
1979 07 06   134
1979 07 13   127
1979 07 20   108
1979 07 27    97
1979 08 03    93
1979 08 10    92
1979 08 17    91
1979 08 24    94
1979 08 31   102
1979 09 07    99
1979 09 14   119
1979 09 21   131
1979 09 28   117
1979 10 05   112
1979 10 12   130
1979 10 19   145
1979 10 26   162
1979 11 02   185
1979 11 09   191
1979 11 16   180
1979 11 23   167
1979 11 30   220
1979 12 07   244
1979 12 14   219
1979 12 21   186
1979 12 28   228
1980 01 04   205
1980 01 11   183
1980 01 18   181
1980 01 25   165
1980 02 01   177
1980 02 08   175
1980 02 15   140
1980 02 22   130
1980 02 29   133
1980 03 07   125
1980 03 14   158
1980 03 21   164
1980 03 28   245
1980 04 04   242
1980 04 11   255
1980 04 18   315
1980 04 25   297
1980 05 02   239
1980 05 09   248
1980 05 16   204
1980 05 23   187
1980 05 30   141
1980 06 06   132
1980 06 13   110
1980 06 20    94
1980 06 27   106
1980 07 04   116
1980 07 11   108
1980 07 18   105
1980 07 25   113
1980 08 01   121
1980 08 08   130
1980 08 15   113
1980 08 22    93
1980 08 29    89
1980 09 05   106
1980 09 12   105
1980 09 19   102
1980 09 26   114
1980 10 03   133
1980 10 10   148
1980 10 17   159
1980 10 24   150
1980 10 31   181
1980 11 07   187
1980 11 14   194
1980 11 21   159
1980 11 28   167
1980 12 05   167
1980 12 12   189
1980 12 19   181
1980 12 26   155
1981 01 02   152
1981 01 09   179
1981 01 16   268
1981 01 23   281
1981 01 30   155
1981 02 06   170
1981 02 13   156
1981 02 20   192
1981 02 27   431
1981 03 06   331
1981 03 13   246
1981 03 20   207
1981 03 27   193
1981 04 03   237
1981 04 10   315
1981 04 17   338
1981 04 24   310
1981 05 01   238
1981 05 08   173
1981 05 15   173
1981 05 22   255
1981 05 29   223
1981 06 05   214
1981 06 12   204
1981 06 19   187
1981 06 26   183
1981 07 03   177
1981 07 10   149
1981 07 17   118
1981 07 24    97
1981 07 31    85
1981 08 07   100
1981 08 14   111
1981 08 21   138
1981 08 28   101
1981 09 04    95
1981 09 11   132
1981 09 18   158
1981 09 25   148
1981 10 02   160
1981 10 09   135
1981 10 16   130
1981 10 23   127
1981 10 30   226
1981 11 06   197
1981 11 13   172
1981 11 20   168
1981 11 27   168
1981 12 04   149
1981 12 11   131
1981 12 18   121
1981 12 25   116
1982 01 01   121
1982 01 08   152
1982 01 15   142
1982 01 22   221
1982 01 29   290
1982 02 05   214
1982 02 12    73
1982 02 19    -5
1982 02 26    13
1982 03 05    52
1982 03 12    59
1982 03 19    97
1982 03 26   137
1982 04 02   186
1982 04 09   262
1982 04 16   189
1982 04 23   305
1982 04 30   284
1982 05 07   269
1982 05 14   204
1982 05 21   139
1982 05 28   106
1982 06 04   102
1982 06 11   108
1982 06 18   112
1982 06 25   114
1982 07 02   114
1982 07 09   105
1982 07 16   100
1982 07 23    91
1982 07 30    82
1982 08 06    74
1982 08 13    74
1982 08 20    68
1982 08 27    75
1982 09 03    82
1982 09 10    78
1982 09 17    70
1982 09 24    75
1982 10 01    81
1982 10 08    76
1982 10 15    88
1982 10 22    82
1982 10 29    87
1982 11 05   122
1982 11 12   134
1982 11 19   130
1982 11 26   128
1982 12 03   149
1982 12 10   173
1982 12 17   167
1982 12 24   171
1982 12 31   195
1983 01 07   181
1983 01 14   189
1983 01 21   187
1983 01 28   183
1983 02 04   200
1983 02 11   206
1983 02 18   156
1983 02 25   131
1983 03 04   136
1983 03 11   158
1983 03 18   219
1983 03 25   238
1983 04 01   178
1983 04 08   161
1983 04 15   212
1983 04 22   303
1983 04 29   272
1983 05 06   318
1983 05 13   429
1983 05 20   395
1983 05 27   322
1983 06 03   306
1983 06 10   310
1983 06 17   235
1983 06 24   159
1983 07 01   127
1983 07 08   107
1983 07 15    91
1983 07 22    74
1983 07 29    83
1983 08 05    87
1983 08 12    85
1983 08 19    79
1983 08 26    75
1983 09 02    73
1983 09 09    72
1983 09 16    59
1983 09 23    71
1983 09 30    65
1983 10 07    73
1983 10 14    78
1983 10 21    77
1983 10 28    81
1983 11 04    93
1983 11 11   108
1983 11 18   123
1983 11 25   138
1983 12 02   150
1983 12 09   149
1983 12 16   188
1983 12 23   240
1983 12 30   181
1984 01 06   184
1984 01 13   176
1984 01 20   187
1984 01 27   160
1984 02 03   111
1984 02 10    78
1984 02 17   122
1984 02 24   188
1984 03 02   188
1984 03 09   154
1984 03 16   136
1984 03 23   121
1984 03 30   150
1984 04 06   255
1984 04 13   305
1984 04 20   367
1984 04 27   356
1984 05 04   291
1984 05 11   241
1984 05 18   194
1984 05 25   174
1984 06 01   210
1984 06 08   249
1984 06 15   175
1984 06 22   133
1984 06 29   138
1984 07 06   148
1984 07 13   131
1984 07 20   128
1984 07 27   132
1984 08 03   117
1984 08 10    94
1984 08 17    95
1984 08 24   109
1984 08 31   119
1984 09 07   108
1984 09 14    98
1984 09 21    96
1984 09 28    95
1984 10 05    88
1984 10 12    82
1984 10 19    84
1984 10 26    86
1984 11 02    88
1984 11 09   100
1984 11 16   135
1984 11 23   145
1984 11 30   142
1984 12 07   156
1984 12 14   139
1984 12 21   156
1984 12 28   169
1985 01 04   194
1985 01 11   231
1985 01 18   253
1985 01 25   243
1985 02 01   234
1985 02 08   191
1985 02 15   168
1985 02 22   128
1985 03 01   189
1985 03 08   218
1985 03 15   213
1985 03 22   235
1985 03 29   227
1985 04 05   242
1985 04 12   225
1985 04 19   237
1985 04 26   305
1985 05 03   370
1985 05 10   356
1985 05 17   274
1985 05 24   195
1985 05 31   156
1985 06 07   130
1985 06 14   113
1985 06 21   113
1985 06 28   101
1985 07 05    96
1985 07 12   101
1985 07 19   106
1985 07 26   106
1985 08 02   119
1985 08 09   149
1985 08 16   111
1985 08 23    99
1985 08 30    96
1985 09 06    91
1985 09 13    93
1985 09 20    88
1985 09 27    95
1985 10 04    99
1985 10 11    96
1985 10 18   100
1985 10 25   102
1985 11 01    95
1985 11 08    88
1985 11 15   119
1985 11 22   124
1985 11 29   125
1985 12 06   128
1985 12 13   132
1985 12 20   131
1985 12 27   119
1986 01 03   135
1986 01 10   165
1986 01 17   157
1986 01 24   154
1986 01 31   169
1986 02 07   158
1986 02 14   145
1986 02 21   110
1986 02 28    76
1986 03 07    76
1986 03 14    61
1986 03 21   128
1986 03 28   185
1986 04 04   257
1986 04 11   295
1986 04 18   256
1986 04 25   196
1986 05 02   153
1986 05 09   114
1986 05 16   143
1986 05 23   170
1986 05 30   298
1986 06 06   207
1986 06 13   172
1986 06 20   136
1986 06 27   119
1986 07 04   112
1986 07 11   100
1986 07 18    76
1986 07 25    69
1986 08 01    85
1986 08 08   116
1986 08 15   122
1986 08 22    87
1986 08 29    97
1986 09 05    63
1986 09 12    85
1986 09 19   130
1986 09 26   118
1986 10 03   121
1986 10 10   153
1986 10 17   117
1986 10 24   117
1986 10 31   102
1986 11 07   108
1986 11 14   105
1986 11 21    98
1986 11 28   108
1986 12 05   129
1986 12 12   136
1986 12 19   117
1986 12 26    96
1987 01 02    84
1987 01 09    73
1987 01 16    79
1987 01 23   147
1987 01 30   125
1987 02 06   100
1987 02 13   116
1987 02 20   119
1987 02 27    95
1987 03 06    69
1987 03 13    93
1987 03 20    94
1987 03 27   216
1987 04 03   335
1987 04 10   341
1987 04 17   249
1987 04 24   178
1987 05 01   102
1987 05 08    71
1987 05 15    54
1987 05 22    82
1987 05 29    87
1987 06 05    96
1987 06 12   110
1987 06 19   101
1987 06 26    79
1987 07 03    69
1987 07 10    76
1987 07 17    86
1987 07 24    82
1987 07 31    82
1987 08 07    74
1987 08 14    73
1987 08 21    73
1987 08 28    65
1987 09 04    60
1987 09 11    64
1987 09 18    67
1987 09 25    63
1987 10 02    65
1987 10 09    66
1987 10 16    73
1987 10 23    65
1987 10 30    91
1987 11 06    94
1987 11 13    98
1987 11 20    99
1987 11 27   101
1987 12 04   141
1987 12 11   159
1987 12 18   147
1987 12 25   147
1988 01 01   137
1988 01 08   130
1988 01 15   184
1988 01 22   156
1988 01 29   129
1988 02 05   157
1988 02 12   188
1988 02 19   163
1988 02 26   144
1988 03 04   131
1988 03 11   110
1988 03 18    87
1988 03 25   105
1988 04 01   175
1988 04 08   243
1988 04 15   291
1988 04 22   240
1988 04 29   234
1988 05 06   277
1988 05 13   217
1988 05 20   169
1988 05 27   144
1988 06 03   123
1988 06 10   106
1988 06 17    83
1988 06 24    65
1988 07 01    66
1988 07 08    74
1988 07 15    57
1988 07 22    54
1988 07 29    56
1988 08 05    60
1988 08 12    59
1988 08 19    63
1988 08 26    78
1988 09 02    91
1988 09 09    90
1988 09 16    85
1988 09 23    82
1988 09 30    74
1988 10 07    96
1988 10 14   118
1988 10 21   129
1988 10 28   193
1988 11 04   237
1988 11 11   263
1988 11 18   267
1988 11 25   245
1988 12 02   215
1988 12 09   176
1988 12 16   149
1988 12 23   158
1988 12 30   124
1989 01 06   163
1989 01 13   188
1989 01 20   165
1989 01 27   156
1989 02 03   170
1989 02 10   174
1989 02 17   158
1989 02 24   147
1989 03 03   139
1989 03 10   128
1989 03 17   111
1989 03 24   144
1989 03 31   209
1989 04 07   291
1989 04 14   228
1989 04 21   191
1989 04 28   166
1989 05 05   181
1989 05 12   208
1989 05 19   211
1989 05 26   187
1989 06 02   173
1989 06 09   195
1989 06 16   191
1989 06 23   203
1989 06 30   130
1989 07 07   102
1989 07 14    98
1989 07 21    79
1989 07 28    74
1989 08 04    74
1989 08 11    70
1989 08 18    68
1989 08 25    70
1989 09 01    67
1989 09 08    59
1989 09 15    59
1989 09 22    62
1989 09 29    62
1989 10 06    59
1989 10 13    55
1989 10 20    73
1989 10 27    81
1989 11 03    82
1989 11 10    91
1989 11 17   139
1989 11 24   197
1989 12 01   152
1989 12 08   144
1989 12 15   173
1989 12 22   184
1989 12 29   185
1990 01 05   172
1990 01 12   146
1990 01 19   159
1990 01 26   173
1990 02 02   168
1990 02 09   179
1990 02 16   166
1990 02 23   162
1990 03 02   148
1990 03 09   122
1990 03 16   149
1990 03 23   312
1990 03 30   244
1990 04 06   278
1990 04 13   261
1990 04 20   236
1990 04 27   238
1990 05 04   241
1990 05 11   200
1990 05 18   154
1990 05 25   168
1990 06 01   185
1990 06 08   144
1990 06 15   107
1990 06 22    99
1990 06 29   106
1990 07 06   115
1990 07 13   102
1990 07 20    96
1990 07 27    95
1990 08 03    86
1990 08 10    74
1990 08 17    71
1990 08 24    76
1990 08 31    68
1990 09 07    63
1990 09 14    60
1990 09 21    52
1990 09 28    57
1990 10 05    74
1990 10 12   106
1990 10 19   133
1990 10 26   151
1990 11 02   164
1990 11 09   159
1990 11 16   163
1990 11 23   142
1990 11 30   170
1990 12 07   218
1990 12 14   208
1990 12 21   187
1990 12 28   218
1991 01 04   229
1991 01 11   223
1991 01 18   209
1991 01 25   205
1991 02 01   213
1991 02 08   164
1991 02 15   167
1991 02 22   164
1991 03 01   165
1991 03 08   170
1991 03 15   165
1991 03 22   159
1991 03 29   205
1991 04 05   234
1991 04 12   379
1991 04 19   432
1991 04 26   397
1991 05 03   355
1991 05 10   270
1991 05 17   184
1991 05 24   130
1991 05 31   114
1991 06 07   122
1991 06 14    97
1991 06 21    84
1991 06 28    78
1991 07 05    74
1991 07 12    68
1991 07 19    62
1991 07 26    55
1991 08 02    49
1991 08 09    51
1991 08 16    53
1991 08 23    48
1991 08 30    48
1991 09 06    52
1991 09 13    49
1991 09 20    54
1991 09 27    58
1991 10 04    58
1991 10 11    62
1991 10 18    75
1991 10 25    82
1991 11 01    77
1991 11 08    93
1991 11 15    79
1991 11 22    93
1991 11 29   102
1991 12 06   102
1991 12 13   120
1991 12 20   121
1991 12 27   122
1992 01 03   122
1992 01 10   120
1992 01 17   126
1992 01 24   145
1992 01 31   196
1992 02 07   153
1992 02 14   204
1992 02 21   125
1992 02 28   122
1992 03 06   112
1992 03 13   133
1992 03 20   128
1992 03 27   128
1992 04 03   156
1992 04 10   193
1992 04 17   206
1992 04 24   227
1992 05 01   354
1992 05 08   286
1992 05 15   226
1992 05 22   173
1992 05 29   134
1992 06 05   126
1992 06 12   100
1992 06 19    79
1992 06 26    71
1992 07 03    64
1992 07 10    68
1992 07 17    81
1992 07 24    94
1992 07 31    74
1992 08 07    76
1992 08 14    79
1992 08 21    67
1992 08 28    67
1992 09 04    73
1992 09 11    78
1992 09 18    80
1992 09 25   101
1992 10 02   139
1992 10 09   113
1992 10 16   114
1992 10 23   122
1992 10 30   144
1992 11 06   161
1992 11 13   187
1992 11 20   208
1992 11 27   234
1992 12 04   214
1992 12 11   167
1992 12 18   141
1992 12 25   139
1993 01 01   140
1993 01 08   200
1993 01 15   227
1993 01 22   236
1993 01 29   156
1993 02 05   144
1993 02 12   178
1993 02 19   171
1993 02 26   154
1993 03 05   121
1993 03 12   100
1993 03 19    88
1993 03 26    82
1993 04 02   118
1993 04 09   254
1993 04 16   482
1993 04 23   383
1993 04 30   382
1993 05 07   153
1993 05 14   108
1993 05 21    63
1993 05 28    54
1993 06 04    84
1993 06 11   111
1993 06 18   115
1993 06 25   105
1993 07 02    85
1993 07 09    88
1993 07 16    97
1993 07 23    67
1993 07 30    58
1993 08 06    42
1993 08 13    51
1993 08 20    60
1993 08 27    66
1993 09 03    72
1993 09 10    74
1993 09 17    71
1993 09 24    75
1993 10 01    88
1993 10 08    97
1993 10 15    99
1993 10 22   138
1993 10 29   190
1993 11 05   203
1993 11 12   193
1993 11 19   177
1993 11 26   167
1993 12 03   176
1993 12 10   190
1993 12 17   167
1993 12 24   143
1993 12 31   143
1994 01 07   174
1994 01 14   272
1994 01 21   343
1994 01 28   325
1994 02 04   264
1994 02 11   235
1994 02 18   209
1994 02 25   205
1994 03 04   202
1994 03 11   164
1994 03 18   124
1994 03 25   119
1994 04 01   141
1994 04 08   182
1994 04 15   295
1994 04 22   357
1994 04 29   237
1994 05 06   201
1994 05 13   166
1994 05 20   167
1994 05 27   187
1994 06 03   195
1994 06 10   185
1994 06 17   158
1994 06 24   138
1994 07 01   133
1994 07 08   151
1994 07 15   141
1994 07 22   139
1994 07 29   128
1994 08 05   136
1994 08 12   127
1994 08 19    99
1994 08 26    82
1994 09 02    76
1994 09 09    73
1994 09 16    71
1994 09 23    65
1994 09 30    73
1994 10 07    71
1994 10 14    68
1994 10 21    68
1994 10 28    77
1994 11 04   104
1994 11 11   126
1994 11 18   121
1994 11 25   105
1994 12 02   107
1994 12 09   126
1994 12 16   124
1994 12 23   120
1994 12 30   110
1995 01 06   129
1995 01 13   142
1995 01 20   246
1995 01 27   236
1995 02 03   177
1995 02 10   155
1995 02 17   157
1995 02 24   141
1995 03 03   135
1995 03 10   141
1995 03 17   184
1995 03 24   251
1995 03 31   212
1995 04 07   142
1995 04 14   115
1995 04 21    91
1995 04 28    97
1995 05 05   101
1995 05 12    99
1995 05 19   124
1995 05 26   167
1995 06 02   206
1995 06 09   218
1995 06 16   145
1995 06 23    94
1995 06 30    72
1995 07 07    66
1995 07 14    45
1995 07 21    47
1995 07 28    63
1995 08 04    75
1995 08 11    76
1995 08 18    61
1995 08 25    47
1995 09 01    43
1995 09 08    40
1995 09 15    39
1995 09 22    42
1995 09 29    41
1995 10 06    63
1995 10 13    66
1995 10 20    71
1995 10 27    93
1995 11 03   108
1995 11 10   113
1995 11 17   143
1995 11 24   184
1995 12 01   154
1995 12 08   135
1995 12 15   141
1995 12 22   148
1995 12 29   135
1996 01 05   172
1996 01 12   185
1996 01 19   224
1996 01 26   249
1996 02 02   231
1996 02 09   190
1996 02 16   157
1996 02 23   188
1996 03 01   230
1996 03 08   171
1996 03 15   132
1996 03 22   137
1996 03 29   134
1996 04 05   125
1996 04 12   125
1996 04 19   205
1996 04 26   325
1996 05 03   395
1996 05 10   386
1996 05 17   378
1996 05 24   311
1996 05 31   254
1996 06 07   180
1996 06 14   191
1996 06 21   137
1996 06 28   112
1996 07 05   115
1996 07 12   113
1996 07 19   118
1996 07 26   125
1996 08 02   126
1996 08 09   122
1996 08 16    98
1996 08 23    92
1996 08 30    81
1996 09 06    64
1996 09 13    67
1996 09 20    69
1996 09 27    76
1996 10 04    80
1996 10 11    81
1996 10 18    86
1996 10 25    97
1996 11 01   110
1996 11 08    95
1996 11 15   246
1996 11 22   148
1996 11 29   121
1996 12 06   146
1996 12 13   138
1996 12 20   162
1996 12 27   157
1997 01 03   149
1997 01 10   161
1997 01 17   175
1997 01 24   169
1997 01 31   181
1997 02 07   144
1997 02 14   143
1997 02 21   153
1997 02 28   187
1997 03 07   215
1997 03 14   164
1997 03 21   121
1997 03 28   131
1997 04 04   221
1997 04 11   292
1997 04 18   318
1997 04 25   342
1997 05 02   379
1997 05 09   432
1997 05 16   401
1997 05 23   335
1997 05 30   230
1997 06 06   187
1997 06 13   151
1997 06 20   124
1997 06 27   114
1997 07 04   107
1997 07 11   101
1997 07 18   104
1997 07 25   109
1997 08 01    93
1997 08 08    75
1997 08 15    65
1997 08 22    74
1997 08 29    75
1997 09 05    70
1997 09 12    69
1997 09 19    73
1997 09 26    77
1997 10 03    81
1997 10 10    81
1997 10 17    77
1997 10 24    78
1997 10 31    87
1997 11 07   117
1997 11 14   123
1997 11 21   109
1997 11 28   110
1997 12 05   107
1997 12 12   103
1997 12 19   101
1997 12 26    90
1998 01 02    82
1998 01 09   115
1998 01 16   186
1998 01 23   190
1998 01 30   196
1998 02 06   134
1998 02 13   112
1998 02 20   115
1998 02 27   101
1998 03 06   123
1998 03 13   165
1998 03 20   104
1998 03 27   219
1998 04 03   438
1998 04 10   523
1998 04 17   342
1998 04 24   276
1998 05 01   199
1998 05 08   126
1998 05 15   107
1998 05 22    78
1998 05 29    64
1998 06 05    68
1998 06 12    74
1998 06 19   102
1998 06 26   127
1998 07 03   147
1998 07 10   152
1998 07 17   113
1998 07 24    85
1998 07 31    71
1998 08 07    78
1998 08 14    75
1998 08 21    65
1998 08 28    72
1998 09 04    73
1998 09 11    68
1998 09 18    57
1998 09 25    55
1998 10 02    74
1998 10 09    74
1998 10 16    77
1998 10 23    69
1998 10 30    64
1998 11 06    62
1998 11 13    59
1998 11 20    66
1998 11 27    69
1998 12 04    74
1998 12 11    85
1998 12 18    92
1998 12 25    92
1999 01 01   102
1999 01 08   132
1999 01 15   204
1999 01 22   160
1999 01 29   222
1999 02 05   196
1999 02 12   161
1999 02 19   143
1999 02 26   133
1999 03 05   131
1999 03 12   124
1999 03 19   130
1999 03 26   149
1999 04 02   198
1999 04 09   295
1999 04 16   320
1999 04 23   204
1999 04 30   133
1999 05 07    91
1999 05 14    85
1999 05 21    73
1999 05 28    63
1999 06 04    69
1999 06 11    78
1999 06 18    78
1999 06 25    77
1999 07 02    80
1999 07 09    81
1999 07 16    88
1999 07 23    67
1999 07 30    56
1999 08 06    43
1999 08 13    44
1999 08 20    46
1999 08 27    45
1999 09 03    43
1999 09 10    44
1999 09 17    53
1999 09 24    65
1999 10 01    59
1999 10 08    58
1999 10 15    76
1999 10 22   121
1999 10 29   145
1999 11 05   143
1999 11 12   148
1999 11 19   144
1999 11 26   144
1999 12 03   160
1999 12 10   178
1999 12 17   199
1999 12 24   178
1999 12 31   145
