# St. Lawrence River Ice Retardation
Units: 10m3s
Interval: Weekly
1900 01 05   113
1900 01 12   113
1900 01 19   113
1900 01 26   113
1900 02 02   111
1900 02 09   105
1900 02 16   105
1900 02 23   105
1900 03 02    88
1900 03 09    45
1900 03 16    45
1900 03 23    45
1900 03 30    45
1900 04 06    30
1900 04 13    28
1900 04 20    28
1900 04 27    28
1900 05 04    12
1900 05 11     0
1900 05 18     0
1900 05 25     0
1900 06 01     0
1900 06 08     0
1900 06 15     0
1900 06 22     0
1900 06 29     0
1900 07 06     0
1900 07 13     0
1900 07 20     0
1900 07 27     0
1900 08 03     0
1900 08 10     0
1900 08 17     0
1900 08 24     0
1900 08 31     0
1900 09 07     0
1900 09 14     0
1900 09 21     0
1900 09 28     0
1900 10 05     0
1900 10 12     0
1900 10 19     0
1900 10 26     0
1900 11 02     0
1900 11 09     0
1900 11 16     0
1900 11 23     0
1900 11 30     0
1900 12 07    48
1900 12 14    48
1900 12 21    48
1900 12 28    48
1901 01 04    81
1901 01 11   105
1901 01 18   105
1901 01 25   105
1901 02 01   107
1901 02 08   116
1901 02 15   116
1901 02 22   116
1901 03 01   105
1901 03 08    42
1901 03 15    42
1901 03 22    42
1901 03 29    42
1901 04 05    48
1901 04 12    51
1901 04 19    51
1901 04 26    51
1901 05 03    29
1901 05 10     0
1901 05 17     0
1901 05 24     0
1901 05 31     0
1901 06 07     0
1901 06 14     0
1901 06 21     0
1901 06 28     0
1901 07 05     0
1901 07 12     0
1901 07 19     0
1901 07 26     0
1901 08 02     0
1901 08 09     0
1901 08 16     0
1901 08 23     0
1901 08 30     0
1901 09 06     0
1901 09 13     0
1901 09 20     0
1901 09 27     0
1901 10 04     0
1901 10 11     0
1901 10 18     0
1901 10 25     0
1901 11 01     0
1901 11 08     0
1901 11 15     0
1901 11 22     0
1901 11 29     0
1901 12 06    49
1901 12 13    57
1901 12 20    57
1901 12 27    57
1902 01 03    93
1902 01 10   142
1902 01 17   142
1902 01 24   142
1902 01 31   142
1902 02 07    68
1902 02 14    68
1902 02 21    68
1902 02 28    68
1902 03 07    59
1902 03 14    59
1902 03 21    59
1902 03 28    59
1902 04 04    38
1902 04 11    23
1902 04 18    23
1902 04 25    23
1902 05 02    16
1902 05 09     0
1902 05 16     0
1902 05 23     0
1902 05 30     0
1902 06 06     0
1902 06 13     0
1902 06 20     0
1902 06 27     0
1902 07 04     0
1902 07 11     0
1902 07 18     0
1902 07 25     0
1902 08 01     0
1902 08 08     0
1902 08 15     0
1902 08 22     0
1902 08 29     0
1902 09 05     0
1902 09 12     0
1902 09 19     0
1902 09 26     0
1902 10 03     0
1902 10 10     0
1902 10 17     0
1902 10 24     0
1902 10 31     0
1902 11 07     0
1902 11 14     0
1902 11 21     0
1902 11 28     0
1902 12 05    39
1902 12 12    54
1902 12 19    54
1902 12 26    54
1903 01 02    62
1903 01 09    82
1903 01 16    82
1903 01 23    82
1903 01 30    82
1903 02 06    70
1903 02 13    68
1903 02 20    68
1903 02 27    68
1903 03 06    48
1903 03 13    45
1903 03 20    45
1903 03 27    45
1903 04 03    27
1903 04 10     3
1903 04 17     3
1903 04 24     3
1903 05 01     3
1903 05 08     0
1903 05 15     0
1903 05 22     0
1903 05 29     0
1903 06 05     0
1903 06 12     0
1903 06 19     0
1903 06 26     0
1903 07 03     0
1903 07 10     0
1903 07 17     0
1903 07 24     0
1903 07 31     0
1903 08 07     0
1903 08 14     0
1903 08 21     0
1903 08 28     0
1903 09 04     0
1903 09 11     0
1903 09 18     0
1903 09 25     0
1903 10 02     0
1903 10 09     0
1903 10 16     0
1903 10 23     0
1903 10 30     0
1903 11 06     0
1903 11 13     0
1903 11 20     0
1903 11 27     0
1903 12 04    11
1903 12 11    20
1903 12 18    20
1903 12 25    20
1904 01 01    25
1904 01 08    57
1904 01 15    57
1904 01 22    57
1904 01 29    57
1904 02 05    45
1904 02 12    40
1904 02 19    40
1904 02 26    40
1904 03 04    38
1904 03 11    37
1904 03 18    37
1904 03 25    37
1904 04 01    33
1904 04 08    11
1904 04 15    11
1904 04 22    11
1904 04 29    11
1904 05 06     2
1904 05 13     0
1904 05 20     0
1904 05 27     0
1904 06 03     0
1904 06 10     0
1904 06 17     0
1904 06 24     0
1904 07 01     0
1904 07 08     0
1904 07 15     0
1904 07 22     0
1904 07 29     0
1904 08 05     0
1904 08 12     0
1904 08 19     0
1904 08 26     0
1904 09 02     0
1904 09 09     0
1904 09 16     0
1904 09 23     0
1904 09 30     0
1904 10 07     0
1904 10 14     0
1904 10 21     0
1904 10 28     0
1904 11 04     0
1904 11 11     0
1904 11 18     0
1904 11 25     0
1904 12 02    23
1904 12 09    79
1904 12 16    79
1904 12 23    79
1904 12 30    79
1905 01 06    70
1905 01 13    68
1905 01 20    68
1905 01 27    68
1905 02 03    56
1905 02 10    40
1905 02 17    40
1905 02 24    40
1905 03 03    35
1905 03 10    28
1905 03 17    28
1905 03 24    28
1905 03 31    28
1905 04 07    14
1905 04 14    14
1905 04 21    14
1905 04 28    14
1905 05 05     4
1905 05 12     0
1905 05 19     0
1905 05 26     0
1905 06 02     0
1905 06 09     0
1905 06 16     0
1905 06 23     0
1905 06 30     0
1905 07 07     0
1905 07 14     0
1905 07 21     0
1905 07 28     0
1905 08 04     0
1905 08 11     0
1905 08 18     0
1905 08 25     0
1905 09 01     0
1905 09 08     0
1905 09 15     0
1905 09 22     0
1905 09 29     0
1905 10 06     0
1905 10 13     0
1905 10 20     0
1905 10 27     0
1905 11 03     0
1905 11 10     0
1905 11 17     0
1905 11 24     0
1905 12 01     2
1905 12 08    14
1905 12 15    14
1905 12 22    14
1905 12 29    14
1906 01 05    57
1906 01 12    74
1906 01 19    74
1906 01 26    74
1906 02 02    72
1906 02 09    68
1906 02 16    68
1906 02 23    68
1906 03 02    61
1906 03 09    45
1906 03 16    45
1906 03 23    45
1906 03 30    45
1906 04 06    12
1906 04 13     6
1906 04 20     6
1906 04 27     6
1906 05 04     3
1906 05 11     0
1906 05 18     0
1906 05 25     0
1906 06 01     0
1906 06 08     0
1906 06 15     0
1906 06 22     0
1906 06 29     0
1906 07 06     0
1906 07 13     0
1906 07 20     0
1906 07 27     0
1906 08 03     0
1906 08 10     0
1906 08 17     0
1906 08 24     0
1906 08 31     0
1906 09 07     0
1906 09 14     0
1906 09 21     0
1906 09 28     0
1906 10 05     0
1906 10 12     0
1906 10 19     0
1906 10 26     0
1906 11 02     0
1906 11 09     0
1906 11 16     0
1906 11 23     0
1906 11 30     0
1906 12 07   110
1906 12 14   110
1906 12 21   110
1906 12 28   110
1907 01 04    89
1907 01 11    74
1907 01 18    74
1907 01 25    74
1907 02 01    76
1907 02 08    91
1907 02 15    91
1907 02 22    91
1907 03 01    80
1907 03 08    17
1907 03 15    17
1907 03 22    17
1907 03 29    17
1907 04 05    33
1907 04 12    40
1907 04 19    40
1907 04 26    40
1907 05 03    23
1907 05 10     0
1907 05 17     0
1907 05 24     0
1907 05 31     0
1907 06 07     0
1907 06 14     0
1907 06 21     0
1907 06 28     0
1907 07 05     0
1907 07 12     0
1907 07 19     0
1907 07 26     0
1907 08 02     0
1907 08 09     0
1907 08 16     0
1907 08 23     0
1907 08 30     0
1907 09 06     0
1907 09 13     0
1907 09 20     0
1907 09 27     0
1907 10 04     0
1907 10 11     0
1907 10 18     0
1907 10 25     0
1907 11 01     0
1907 11 08     0
1907 11 15     0
1907 11 22     0
1907 11 29     0
1907 12 06     5
1907 12 13     6
1907 12 20     6
1907 12 27     6
1908 01 03    52
1908 01 10   113
1908 01 17   113
1908 01 24   113
1908 01 31   113
1908 02 07    99
1908 02 14    99
1908 02 21    99
1908 02 28    99
1908 03 06    43
1908 03 13    34
1908 03 20    34
1908 03 27    34
1908 04 03    35
1908 04 10    37
1908 04 17    37
1908 04 24    37
1908 05 01    32
1908 05 08     0
1908 05 15     0
1908 05 22     0
1908 05 29     0
1908 06 05     0
1908 06 12     0
1908 06 19     0
1908 06 26     0
1908 07 03     0
1908 07 10     0
1908 07 17     0
1908 07 24     0
1908 07 31     0
1908 08 07     0
1908 08 14     0
1908 08 21     0
1908 08 28     0
1908 09 04     0
1908 09 11     0
1908 09 18     0
1908 09 25     0
1908 10 02     0
1908 10 09     0
1908 10 16     0
1908 10 23     0
1908 10 30     0
1908 11 06     0
1908 11 13     0
1908 11 20     0
1908 11 27     0
1908 12 04    31
1908 12 11    54
1908 12 18    54
1908 12 25    54
1909 01 01    58
1909 01 08    82
1909 01 15    82
1909 01 22    82
1909 01 29    82
1909 02 05    82
1909 02 12    82
1909 02 19    82
1909 02 26    82
1909 03 05    36
1909 03 12    17
1909 03 19    17
1909 03 26    17
1909 04 02    25
1909 04 09    45
1909 04 16    45
1909 04 23    45
1909 04 30    45
1909 05 07     0
1909 05 14     0
1909 05 21     0
1909 05 28     0
1909 06 04     0
1909 06 11     0
1909 06 18     0
1909 06 25     0
1909 07 02     0
1909 07 09     0
1909 07 16     0
1909 07 23     0
1909 07 30     0
1909 08 06     0
1909 08 13     0
1909 08 20     0
1909 08 27     0
1909 09 03     0
1909 09 10     0
1909 09 17     0
1909 09 24     0
1909 10 01     0
1909 10 08     0
1909 10 15     0
1909 10 22     0
1909 10 29     0
1909 11 05     0
1909 11 12     0
1909 11 19     0
1909 11 26     0
1909 12 03     3
1909 12 10     8
1909 12 17     8
1909 12 24     8
1909 12 31     8
1910 01 07    85
1910 01 14    85
1910 01 21    85
1910 01 28    85
1910 02 04    64
1910 02 11    48
1910 02 18    48
1910 02 25    48
1910 03 04    38
1910 03 11    31
1910 03 18    31
1910 03 25    31
1910 04 01    27
1910 04 08     0
1910 04 15     0
1910 04 22     0
1910 04 29     0
1910 05 06     0
1910 05 13     0
1910 05 20     0
1910 05 27     0
1910 06 03     0
1910 06 10     0
1910 06 17     0
1910 06 24     0
1910 07 01     0
1910 07 08     0
1910 07 15     0
1910 07 22     0
1910 07 29     0
1910 08 05     0
1910 08 12     0
1910 08 19     0
1910 08 26     0
1910 09 02     0
1910 09 09     0
1910 09 16     0
1910 09 23     0
1910 09 30     0
1910 10 07     0
1910 10 14     0
1910 10 21     0
1910 10 28     0
1910 11 04     0
1910 11 11     0
1910 11 18     0
1910 11 25     0
1910 12 02    17
1910 12 09    59
1910 12 16    59
1910 12 23    59
1910 12 30    59
1911 01 06    81
1911 01 13    85
1911 01 20    85
1911 01 27    85
1911 02 03    75
1911 02 10    62
1911 02 17    62
1911 02 24    62
1911 03 03    35
1911 03 10     0
1911 03 17     0
1911 03 24     0
1911 03 31     0
1911 04 07    31
1911 04 14    31
1911 04 21    31
1911 04 28    31
1911 05 05     9
1911 05 12     0
1911 05 19     0
1911 05 26     0
1911 06 02     0
1911 06 09     0
1911 06 16     0
1911 06 23     0
1911 06 30     0
1911 07 07     0
1911 07 14     0
1911 07 21     0
1911 07 28     0
1911 08 04     0
1911 08 11     0
1911 08 18     0
1911 08 25     0
1911 09 01     0
1911 09 08     0
1911 09 15     0
1911 09 22     0
1911 09 29     0
1911 10 06     0
1911 10 13     0
1911 10 20     0
1911 10 27     0
1911 11 03     0
1911 11 10     0
1911 11 17     0
1911 11 24     0
1911 12 01     0
1911 12 08     0
1911 12 15     0
1911 12 22     0
1911 12 29     0
1912 01 05    56
1912 01 12    79
1912 01 19    79
1912 01 26    79
1912 02 02    79
1912 02 09    79
1912 02 16    79
1912 02 23    79
1912 03 01    71
1912 03 08    20
1912 03 15    20
1912 03 22    20
1912 03 29    20
1912 04 05    24
1912 04 12    25
1912 04 19    25
1912 04 26    25
1912 05 03    14
1912 05 10     0
1912 05 17     0
1912 05 24     0
1912 05 31     0
1912 06 07     0
1912 06 14     0
1912 06 21     0
1912 06 28     0
1912 07 05     0
1912 07 12     0
1912 07 19     0
1912 07 26     0
1912 08 02     0
1912 08 09     0
1912 08 16     0
1912 08 23     0
1912 08 30     0
1912 09 06     0
1912 09 13     0
1912 09 20     0
1912 09 27     0
1912 10 04     0
1912 10 11     0
1912 10 18     0
1912 10 25     0
1912 11 01     0
1912 11 08     0
1912 11 15     0
1912 11 22     0
1912 11 29     0
1912 12 06    27
1912 12 13    31
1912 12 20    31
1912 12 27    31
1913 01 03    31
1913 01 10    31
1913 01 17    31
1913 01 24    31
1913 01 31    31
1913 02 07    42
1913 02 14    42
1913 02 21    42
1913 02 28    42
1913 03 07    37
1913 03 14    37
1913 03 21    37
1913 03 28    37
1913 04 04    32
1913 04 11    28
1913 04 18    28
1913 04 25    28
1913 05 02    20
1913 05 09     0
1913 05 16     0
1913 05 23     0
1913 05 30     0
1913 06 06     0
1913 06 13     0
1913 06 20     0
1913 06 27     0
1913 07 04     0
1913 07 11     0
1913 07 18     0
1913 07 25     0
1913 08 01     0
1913 08 08     0
1913 08 15     0
1913 08 22     0
1913 08 29     0
1913 09 05     0
1913 09 12     0
1913 09 19     0
1913 09 26     0
1913 10 03     0
1913 10 10     0
1913 10 17     0
1913 10 24     0
1913 10 31     0
1913 11 07     0
1913 11 14     0
1913 11 21     0
1913 11 28     0
1913 12 05     0
1913 12 12     0
1913 12 19     0
1913 12 26     0
1914 01 02    35
1914 01 09   122
1914 01 16   122
1914 01 23   122
1914 01 30   122
1914 02 06    97
1914 02 13    93
1914 02 20    93
1914 02 27    93
1914 03 06    30
1914 03 13    20
1914 03 20    20
1914 03 27    20
1914 04 03    11
1914 04 10     0
1914 04 17     0
1914 04 24     0
1914 05 01     0
1914 05 08     0
1914 05 15     0
1914 05 22     0
1914 05 29     0
1914 06 05     0
1914 06 12     0
1914 06 19     0
1914 06 26     0
1914 07 03     0
1914 07 10     0
1914 07 17     0
1914 07 24     0
1914 07 31     0
1914 08 07     0
1914 08 14     0
1914 08 21     0
1914 08 28     0
1914 09 04     0
1914 09 11     0
1914 09 18     0
1914 09 25     0
1914 10 02     0
1914 10 09     0
1914 10 16     0
1914 10 23     0
1914 10 30     0
1914 11 06     0
1914 11 13     0
1914 11 20     0
1914 11 27     0
1914 12 04    23
1914 12 11    40
1914 12 18    40
1914 12 25    40
1915 01 01    44
1915 01 08    71
1915 01 15    71
1915 01 22    71
1915 01 29    71
1915 02 05    40
1915 02 12    28
1915 02 19    28
1915 02 26    28
1915 03 05    12
1915 03 12     6
1915 03 19     6
1915 03 26     6
1915 04 02     6
1915 04 09     6
1915 04 16     6
1915 04 23     6
1915 04 30     6
1915 05 07     0
1915 05 14     0
1915 05 21     0
1915 05 28     0
1915 06 04     0
1915 06 11     0
1915 06 18     0
1915 06 25     0
1915 07 02     0
1915 07 09     0
1915 07 16     0
1915 07 23     0
1915 07 30     0
1915 08 06     0
1915 08 13     0
1915 08 20     0
1915 08 27     0
1915 09 03     0
1915 09 10     0
1915 09 17     0
1915 09 24     0
1915 10 01     0
1915 10 08     0
1915 10 15     0
1915 10 22     0
1915 10 29     0
1915 11 05     0
1915 11 12     0
1915 11 19     0
1915 11 26     0
1915 12 03     0
1915 12 10     0
1915 12 17     0
1915 12 24     0
1915 12 31     0
1916 01 07    68
1916 01 14    68
1916 01 21    68
1916 01 28    68
1916 02 04    55
1916 02 11    45
1916 02 18    45
1916 02 25    45
1916 03 03    26
1916 03 10     0
1916 03 17     0
1916 03 24     0
1916 03 31     0
1916 04 07    20
1916 04 14    20
1916 04 21    20
1916 04 28    20
1916 05 05     6
1916 05 12     0
1916 05 19     0
1916 05 26     0
1916 06 02     0
1916 06 09     0
1916 06 16     0
1916 06 23     0
1916 06 30     0
1916 07 07     0
1916 07 14     0
1916 07 21     0
1916 07 28     0
1916 08 04     0
1916 08 11     0
1916 08 18     0
1916 08 25     0
1916 09 01     0
1916 09 08     0
1916 09 15     0
1916 09 22     0
1916 09 29     0
1916 10 06     0
1916 10 13     0
1916 10 20     0
1916 10 27     0
1916 11 03     0
1916 11 10     0
1916 11 17     0
1916 11 24     0
1916 12 01     6
1916 12 08    45
1916 12 15    45
1916 12 22    45
1916 12 29    45
1917 01 05   114
1917 01 12   142
1917 01 19   142
1917 01 26   142
1917 02 02   120
1917 02 09    65
1917 02 16    65
1917 02 23    65
1917 03 02    46
1917 03 09     0
1917 03 16     0
1917 03 23     0
1917 03 30     0
1917 04 06    20
1917 04 13    23
1917 04 20    23
1917 04 27    23
1917 05 04    10
1917 05 11     0
1917 05 18     0
1917 05 25     0
1917 06 01     0
1917 06 08     0
1917 06 15     0
1917 06 22     0
1917 06 29     0
1917 07 06     0
1917 07 13     0
1917 07 20     0
1917 07 27     0
1917 08 03     0
1917 08 10     0
1917 08 17     0
1917 08 24     0
1917 08 31     0
1917 09 07     0
1917 09 14     0
1917 09 21     0
1917 09 28     0
1917 10 05     0
1917 10 12     0
1917 10 19     0
1917 10 26     0
1917 11 02     0
1917 11 09     0
1917 11 16     0
1917 11 23     0
1917 11 30     0
1917 12 07    68
1917 12 14    68
1917 12 21    68
1917 12 28    68
1918 01 04   103
1918 01 11   130
1918 01 18   130
1918 01 25   130
1918 02 01   123
1918 02 08    82
1918 02 15    82
1918 02 22    82
1918 03 01    74
1918 03 08    25
1918 03 15    25
1918 03 22    25
1918 03 29    25
1918 04 05    19
1918 04 12    17
1918 04 19    17
1918 04 26    17
1918 05 03    10
1918 05 10     0
1918 05 17     0
1918 05 24     0
1918 05 31     0
1918 06 07     0
1918 06 14     0
1918 06 21     0
1918 06 28     0
1918 07 05     0
1918 07 12     0
1918 07 19     0
1918 07 26     0
1918 08 02     0
1918 08 09     0
1918 08 16     0
1918 08 23     0
1918 08 30     0
1918 09 06     0
1918 09 13     0
1918 09 20     0
1918 09 27     0
1918 10 04     0
1918 10 11     0
1918 10 18     0
1918 10 25     0
1918 11 01     0
1918 11 08     0
1918 11 15     0
1918 11 22     0
1918 11 29     0
1918 12 06    15
1918 12 13    17
1918 12 20    17
1918 12 27    17
1919 01 03    39
1919 01 10    68
1919 01 17    68
1919 01 24    68
1919 01 31    68
1919 02 07    51
1919 02 14    51
1919 02 21    51
1919 02 28    51
1919 03 07     3
1919 03 14     3
1919 03 21     3
1919 03 28     3
1919 04 04     1
1919 04 11     0
1919 04 18     0
1919 04 25     0
1919 05 02     0
1919 05 09     0
1919 05 16     0
1919 05 23     0
1919 05 30     0
1919 06 06     0
1919 06 13     0
1919 06 20     0
1919 06 27     0
1919 07 04     0
1919 07 11     0
1919 07 18     0
1919 07 25     0
1919 08 01     0
1919 08 08     0
1919 08 15     0
1919 08 22     0
1919 08 29     0
1919 09 05     0
1919 09 12     0
1919 09 19     0
1919 09 26     0
1919 10 03     0
1919 10 10     0
1919 10 17     0
1919 10 24     0
1919 10 31     0
1919 11 07     0
1919 11 14     0
1919 11 21     0
1919 11 28     0
1919 12 05    46
1919 12 12    65
1919 12 19    65
1919 12 26    65
1920 01 02    90
1920 01 09   153
1920 01 16   153
1920 01 23   153
1920 01 30   153
1920 02 06    80
1920 02 13    68
1920 02 20    68
1920 02 27    68
1920 03 05    48
1920 03 12    40
1920 03 19    40
1920 03 26    40
1920 04 02    35
1920 04 09    23
1920 04 16    23
1920 04 23    23
1920 04 30    23
1920 05 07     0
1920 05 14     0
1920 05 21     0
1920 05 28     0
1920 06 04     0
1920 06 11     0
1920 06 18     0
1920 06 25     0
1920 07 02     0
1920 07 09     0
1920 07 16     0
1920 07 23     0
1920 07 30     0
1920 08 06     0
1920 08 13     0
1920 08 20     0
1920 08 27     0
1920 09 03     0
1920 09 10     0
1920 09 17     0
1920 09 24     0
1920 10 01     0
1920 10 08     0
1920 10 15     0
1920 10 22     0
1920 10 29     0
1920 11 05     0
1920 11 12     0
1920 11 19     0
1920 11 26     0
1920 12 03     9
1920 12 10    20
1920 12 17    20
1920 12 24    20
1920 12 31    20
1921 01 07    65
1921 01 14    65
1921 01 21    65
1921 01 28    65
1921 02 04    63
1921 02 11    62
1921 02 18    62
1921 02 25    62
1921 03 04    44
1921 03 11    31
1921 03 18    31
1921 03 25    31
1921 04 01    27
1921 04 08     6
1921 04 15     6
1921 04 22     6
1921 04 29     6
1921 05 06     1
1921 05 13     0
1921 05 20     0
1921 05 27     0
1921 06 03     0
1921 06 10     0
1921 06 17     0
1921 06 24     0
1921 07 01     0
1921 07 08     0
1921 07 15     0
1921 07 22     0
1921 07 29     0
1921 08 05     0
1921 08 12     0
1921 08 19     0
1921 08 26     0
1921 09 02     0
1921 09 09     0
1921 09 16     0
1921 09 23     0
1921 09 30     0
1921 10 07     0
1921 10 14     0
1921 10 21     0
1921 10 28     0
1921 11 04     0
1921 11 11     0
1921 11 18     0
1921 11 25     0
1921 12 02    11
1921 12 09    37
1921 12 16    37
1921 12 23    37
1921 12 30    37
1922 01 06   142
1922 01 13   159
1922 01 20   159
1922 01 27   159
1922 02 03   123
1922 02 10    76
1922 02 17    76
1922 02 24    76
1922 03 03    57
1922 03 10    31
1922 03 17    31
1922 03 24    31
1922 03 31    31
1922 04 07     8
1922 04 14     8
1922 04 21     8
1922 04 28     8
1922 05 05     2
1922 05 12     0
1922 05 19     0
1922 05 26     0
1922 06 02     0
1922 06 09     0
1922 06 16     0
1922 06 23     0
1922 06 30     0
1922 07 07     0
1922 07 14     0
1922 07 21     0
1922 07 28     0
1922 08 04     0
1922 08 11     0
1922 08 18     0
1922 08 25     0
1922 09 01     0
1922 09 08     0
1922 09 15     0
1922 09 22     0
1922 09 29     0
1922 10 06     0
1922 10 13     0
1922 10 20     0
1922 10 27     0
1922 11 03     0
1922 11 10     0
1922 11 17     0
1922 11 24     0
1922 12 01     8
1922 12 08    54
1922 12 15    54
1922 12 22    54
1922 12 29    54
1923 01 05    86
1923 01 12    99
1923 01 19    99
1923 01 26    99
1923 02 02    96
1923 02 09    88
1923 02 16    88
1923 02 23    88
1923 03 02    70
1923 03 09    25
1923 03 16    25
1923 03 23    25
1923 03 30    25
1923 04 06    28
1923 04 13    28
1923 04 20    28
1923 04 27    28
1923 05 04    12
1923 05 11     0
1923 05 18     0
1923 05 25     0
1923 06 01     0
1923 06 08     0
1923 06 15     0
1923 06 22     0
1923 06 29     0
1923 07 06     0
1923 07 13     0
1923 07 20     0
1923 07 27     0
1923 08 03     0
1923 08 10     0
1923 08 17     0
1923 08 24     0
1923 08 31     0
1923 09 07     0
1923 09 14     0
1923 09 21     0
1923 09 28     0
1923 10 05     0
1923 10 12     0
1923 10 19     0
1923 10 26     0
1923 11 02     0
1923 11 09     0
1923 11 16     0
1923 11 23     0
1923 11 30     0
1923 12 07     6
1923 12 14     6
1923 12 21     6
1923 12 28     6
1924 01 04    43
1924 01 11    71
1924 01 18    71
1924 01 25    71
1924 02 01    75
1924 02 08    99
1924 02 15    99
1924 02 22    99
1924 02 29    99
1924 03 07    34
1924 03 14    34
1924 03 21    34
1924 03 28    34
1924 04 04    42
1924 04 11    48
1924 04 18    48
1924 04 25    48
1924 05 02    34
1924 05 09     0
1924 05 16     0
1924 05 23     0
1924 05 30     0
1924 06 06     0
1924 06 13     0
1924 06 20     0
1924 06 27     0
1924 07 04     0
1924 07 11     0
1924 07 18     0
1924 07 25     0
1924 08 01     0
1924 08 08     0
1924 08 15     0
1924 08 22     0
1924 08 29     0
1924 09 05     0
1924 09 12     0
1924 09 19     0
1924 09 26     0
1924 10 03     0
1924 10 10     0
1924 10 17     0
1924 10 24     0
1924 10 31     0
1924 11 07     0
1924 11 14     0
1924 11 21     0
1924 11 28     0
1924 12 05    46
1924 12 12    65
1924 12 19    65
1924 12 26    65
1925 01 02    76
1925 01 09   105
1925 01 16   105
1925 01 23   105
1925 01 30   105
1925 02 06    49
1925 02 13    40
1925 02 20    40
1925 02 27    40
1925 03 06    35
1925 03 13    34
1925 03 20    34
1925 03 27    34
1925 04 03    25
1925 04 10    14
1925 04 17    14
1925 04 24    14
1925 05 01    12
1925 05 08     0
1925 05 15     0
1925 05 22     0
1925 05 29     0
1925 06 05     0
1925 06 12     0
1925 06 19     0
1925 06 26     0
1925 07 03     0
1925 07 10     0
1925 07 17     0
1925 07 24     0
1925 07 31     0
1925 08 07     0
1925 08 14     0
1925 08 21     0
1925 08 28     0
1925 09 04     0
1925 09 11     0
1925 09 18     0
1925 09 25     0
1925 10 02     0
1925 10 09     0
1925 10 16     0
1925 10 23     0
1925 10 30     0
1925 11 06     0
1925 11 13     0
1925 11 20     0
1925 11 27     0
1925 12 04    19
1925 12 11    34
1925 12 18    34
1925 12 25    34
1926 01 01    44
1926 01 08   102
1926 01 15   102
1926 01 22   102
1926 01 29   102
1926 02 05    96
1926 02 12    93
1926 02 19    93
1926 02 26    93
1926 03 05    51
1926 03 12    34
1926 03 19    34
1926 03 26    34
1926 04 02    32
1926 04 09    28
1926 04 16    28
1926 04 23    28
1926 04 30    28
1926 05 07     0
1926 05 14     0
1926 05 21     0
1926 05 28     0
1926 06 04     0
1926 06 11     0
1926 06 18     0
1926 06 25     0
1926 07 02     0
1926 07 09     0
1926 07 16     0
1926 07 23     0
1926 07 30     0
1926 08 06     0
1926 08 13     0
1926 08 20     0
1926 08 27     0
1926 09 03     0
1926 09 10     0
1926 09 17     0
1926 09 24     0
1926 10 01     0
1926 10 08     0
1926 10 15     0
1926 10 22     0
1926 10 29     0
1926 11 05     0
1926 11 12     0
1926 11 19     0
1926 11 26     0
1926 12 03    23
1926 12 10    54
1926 12 17    54
1926 12 24    54
1926 12 31    54
1927 01 07   119
1927 01 14   119
1927 01 21   119
1927 01 28   119
1927 02 04    90
1927 02 11    68
1927 02 18    68
1927 02 25    68
1927 03 04    34
1927 03 11     8
1927 03 18     8
1927 03 25     8
1927 04 01     8
1927 04 08    11
1927 04 15    11
1927 04 22    11
1927 04 29    11
1927 05 06     2
1927 05 13     0
1927 05 20     0
1927 05 27     0
1927 06 03     0
1927 06 10     0
1927 06 17     0
1927 06 24     0
1927 07 01     0
1927 07 08     0
1927 07 15     0
1927 07 22     0
1927 07 29     0
1927 08 05     0
1927 08 12     0
1927 08 19     0
1927 08 26     0
1927 09 02     0
1927 09 09     0
1927 09 16     0
1927 09 23     0
1927 09 30     0
1927 10 07     0
1927 10 14     0
1927 10 21     0
1927 10 28     0
1927 11 04     0
1927 11 11     0
1927 11 18     0
1927 11 25     0
1927 12 02     3
1927 12 09    11
1927 12 16    11
1927 12 23    11
1927 12 30    11
1928 01 06    33
1928 01 13    37
1928 01 20    37
1928 01 27    37
1928 02 03    49
1928 02 10    65
1928 02 17    65
1928 02 24    65
1928 03 02    54
1928 03 09    25
1928 03 16    25
1928 03 23    25
1928 03 30    25
1928 04 06     9
1928 04 13     6
1928 04 20     6
1928 04 27     6
1928 05 04     3
1928 05 11     0
1928 05 18     0
1928 05 25     0
1928 06 01     0
1928 06 08     0
1928 06 15     0
1928 06 22     0
1928 06 29     0
1928 07 06     0
1928 07 13     0
1928 07 20     0
1928 07 27     0
1928 08 03     0
1928 08 10     0
1928 08 17     0
1928 08 24     0
1928 08 31     0
1928 09 07     0
1928 09 14     0
1928 09 21     0
1928 09 28     0
1928 10 05     0
1928 10 12     0
1928 10 19     0
1928 10 26     0
1928 11 02     0
1928 11 09     0
1928 11 16     0
1928 11 23     0
1928 11 30     0
1928 12 07     0
1928 12 14     0
1928 12 21     0
1928 12 28     0
1929 01 04    47
1929 01 11    82
1929 01 18    82
1929 01 25    82
1929 02 01    85
1929 02 08   102
1929 02 15   102
1929 02 22   102
1929 03 01    92
1929 03 08    31
1929 03 15    31
1929 03 22    31
1929 03 29    31
1929 04 05    13
1929 04 12     6
1929 04 19     6
1929 04 26     6
1929 05 03     3
1929 05 10     0
1929 05 17     0
1929 05 24     0
1929 05 31     0
1929 06 07     0
1929 06 14     0
1929 06 21     0
1929 06 28     0
1929 07 05     0
1929 07 12     0
1929 07 19     0
1929 07 26     0
1929 08 02     0
1929 08 09     0
1929 08 16     0
1929 08 23     0
1929 08 30     0
1929 09 06     0
1929 09 13     0
1929 09 20     0
1929 09 27     0
1929 10 04     0
1929 10 11     0
1929 10 18     0
1929 10 25     0
1929 11 01     0
1929 11 08     0
1929 11 15     0
1929 11 22     0
1929 11 29     0
1929 12 06    56
1929 12 13    65
1929 12 20    65
1929 12 27    65
1930 01 03    75
1930 01 10    88
1930 01 17    88
1930 01 24    88
1930 01 31    88
1930 02 07    96
1930 02 14    96
1930 02 21    96
1930 02 28    96
1930 03 07    34
1930 03 14    34
1930 03 21    34
1930 03 28    34
1930 04 04    18
1930 04 11     6
1930 04 18     6
1930 04 25     6
1930 05 02     4
1930 05 09     0
1930 05 16     0
1930 05 23     0
1930 05 30     0
1930 06 06     0
1930 06 13     0
1930 06 20     0
1930 06 27     0
1930 07 04     0
1930 07 11     0
1930 07 18     0
1930 07 25     0
1930 08 01     0
1930 08 08     0
1930 08 15     0
1930 08 22     0
1930 08 29     0
1930 09 05     0
1930 09 12     0
1930 09 19     0
1930 09 26     0
1930 10 03     0
1930 10 10     0
1930 10 17     0
1930 10 24     0
1930 10 31     0
1930 11 07     0
1930 11 14     0
1930 11 21     0
1930 11 28     0
1930 12 05     4
1930 12 12     6
1930 12 19     6
1930 12 26     6
1931 01 02    23
1931 01 09    65
1931 01 16    65
1931 01 23    65
1931 01 30    65
1931 02 06    65
1931 02 13    65
1931 02 20    65
1931 02 27    65
1931 03 06    21
1931 03 13    14
1931 03 20    14
1931 03 27    14
1931 04 03     8
1931 04 10     0
1931 04 17     0
1931 04 24     0
1931 05 01     0
1931 05 08     0
1931 05 15     0
1931 05 22     0
1931 05 29     0
1931 06 05     0
1931 06 12     0
1931 06 19     0
1931 06 26     0
1931 07 03     0
1931 07 10     0
1931 07 17     0
1931 07 24     0
1931 07 31     0
1931 08 07     0
1931 08 14     0
1931 08 21     0
1931 08 28     0
1931 09 04     0
1931 09 11     0
1931 09 18     0
1931 09 25     0
1931 10 02     0
1931 10 09     0
1931 10 16     0
1931 10 23     0
1931 10 30     0
1931 11 06     0
1931 11 13     0
1931 11 20     0
1931 11 27     0
1931 12 04    21
1931 12 11    37
1931 12 18    37
1931 12 25    37
1932 01 01    32
1932 01 08     0
1932 01 15     0
1932 01 22     0
1932 01 29     0
1932 02 05    39
1932 02 12    54
1932 02 19    54
1932 02 26    54
1932 03 04    33
1932 03 11    17
1932 03 18    17
1932 03 25    17
1932 04 01    16
1932 04 08    11
1932 04 15    11
1932 04 22    11
1932 04 29    11
1932 05 06     2
1932 05 13     0
1932 05 20     0
1932 05 27     0
1932 06 03     0
1932 06 10     0
1932 06 17     0
1932 06 24     0
1932 07 01     0
1932 07 08     0
1932 07 15     0
1932 07 22     0
1932 07 29     0
1932 08 05     0
1932 08 12     0
1932 08 19     0
1932 08 26     0
1932 09 02     0
1932 09 09     0
1932 09 16     0
1932 09 23     0
1932 09 30     0
1932 10 07     0
1932 10 14     0
1932 10 21     0
1932 10 28     0
1932 11 04     0
1932 11 11     0
1932 11 18     0
1932 11 25     0
1932 12 02     8
1932 12 09    28
1932 12 16    28
1932 12 23    28
1932 12 30    28
1933 01 06    21
1933 01 13    20
1933 01 20    20
1933 01 27    20
1933 02 03    29
1933 02 10    40
1933 02 17    40
1933 02 24    40
1933 03 03    33
1933 03 10    23
1933 03 17    23
1933 03 24    23
1933 03 31    23
1933 04 07     3
1933 04 14     3
1933 04 21     3
1933 04 28     3
1933 05 05     1
1933 05 12     0
1933 05 19     0
1933 05 26     0
1933 06 02     0
1933 06 09     0
1933 06 16     0
1933 06 23     0
1933 06 30     0
1933 07 07     0
1933 07 14     0
1933 07 21     0
1933 07 28     0
1933 08 04     0
1933 08 11     0
1933 08 18     0
1933 08 25     0
1933 09 01     0
1933 09 08     0
1933 09 15     0
1933 09 22     0
1933 09 29     0
1933 10 06     0
1933 10 13     0
1933 10 20     0
1933 10 27     0
1933 11 03     0
1933 11 10     0
1933 11 17     0
1933 11 24     0
1933 12 01     9
1933 12 08    62
1933 12 15    62
1933 12 22    62
1933 12 29    62
1934 01 05    54
1934 01 12    51
1934 01 19    51
1934 01 26    51
1934 02 02    61
1934 02 09    85
1934 02 16    85
1934 02 23    85
1934 03 02    75
1934 03 09    51
1934 03 16    51
1934 03 23    51
1934 03 30    51
1934 04 06    27
1934 04 13    23
1934 04 20    23
1934 04 27    23
1934 05 04    10
1934 05 11     0
1934 05 18     0
1934 05 25     0
1934 06 01     0
1934 06 08     0
1934 06 15     0
1934 06 22     0
1934 06 29     0
1934 07 06     0
1934 07 13     0
1934 07 20     0
1934 07 27     0
1934 08 03     0
1934 08 10     0
1934 08 17     0
1934 08 24     0
1934 08 31     0
1934 09 07     0
1934 09 14     0
1934 09 21     0
1934 09 28     0
1934 10 05     0
1934 10 12     0
1934 10 19     0
1934 10 26     0
1934 11 02     0
1934 11 09     0
1934 11 16     0
1934 11 23     0
1934 11 30     0
1934 12 07    51
1934 12 14    51
1934 12 21    51
1934 12 28    51
1935 01 04    75
1935 01 11    93
1935 01 18    93
1935 01 25    93
1935 02 01    91
1935 02 08    76
1935 02 15    76
1935 02 22    76
1935 03 01    70
1935 03 08    31
1935 03 15    31
1935 03 22    31
1935 03 29    31
1935 04 05    21
1935 04 12    17
1935 04 19    17
1935 04 26    17
1935 05 03    10
1935 05 10     0
1935 05 17     0
1935 05 24     0
1935 05 31     0
1935 06 07     0
1935 06 14     0
1935 06 21     0
1935 06 28     0
1935 07 05     0
1935 07 12     0
1935 07 19     0
1935 07 26     0
1935 08 02     0
1935 08 09     0
1935 08 16     0
1935 08 23     0
1935 08 30     0
1935 09 06     0
1935 09 13     0
1935 09 20     0
1935 09 27     0
1935 10 04     0
1935 10 11     0
1935 10 18     0
1935 10 25     0
1935 11 01     0
1935 11 08     0
1935 11 15     0
1935 11 22     0
1935 11 29     0
1935 12 06    27
1935 12 13    31
1935 12 20    31
1935 12 27    31
1936 01 03    55
1936 01 10    88
1936 01 17    88
1936 01 24    88
1936 01 31    88
1936 02 07    96
1936 02 14    96
1936 02 21    96
1936 02 28    96
1936 03 06    26
1936 03 13    14
1936 03 20    14
1936 03 27    14
1936 04 03    13
1936 04 10    11
1936 04 17    11
1936 04 24    11
1936 05 01     9
1936 05 08     0
1936 05 15     0
1936 05 22     0
1936 05 29     0
1936 06 05     0
1936 06 12     0
1936 06 19     0
1936 06 26     0
1936 07 03     0
1936 07 10     0
1936 07 17     0
1936 07 24     0
1936 07 31     0
1936 08 07     0
1936 08 14     0
1936 08 21     0
1936 08 28     0
1936 09 04     0
1936 09 11     0
1936 09 18     0
1936 09 25     0
1936 10 02     0
1936 10 09     0
1936 10 16     0
1936 10 23     0
1936 10 30     0
1936 11 06     0
1936 11 13     0
1936 11 20     0
1936 11 27     0
1936 12 04    10
1936 12 11    17
1936 12 18    17
1936 12 25    17
1937 01 01    22
1937 01 08    54
1937 01 15    54
1937 01 22    54
1937 01 29    54
1937 02 05    54
1937 02 12    54
1937 02 19    54
1937 02 26    54
1937 03 05    35
1937 03 12    28
1937 03 19    28
1937 03 26    28
1937 04 02    23
1937 04 09    11
1937 04 16    11
1937 04 23    11
1937 04 30    11
1937 05 07     0
1937 05 14     0
1937 05 21     0
1937 05 28     0
1937 06 04     0
1937 06 11     0
1937 06 18     0
1937 06 25     0
1937 07 02     0
1937 07 09     0
1937 07 16     0
1937 07 23     0
1937 07 30     0
1937 08 06     0
1937 08 13     0
1937 08 20     0
1937 08 27     0
1937 09 03     0
1937 09 10     0
1937 09 17     0
1937 09 24     0
1937 10 01     0
1937 10 08     0
1937 10 15     0
1937 10 22     0
1937 10 29     0
1937 11 05     0
1937 11 12     0
1937 11 19     0
1937 11 26     0
1937 12 03    17
1937 12 10    40
1937 12 17    40
1937 12 24    40
1937 12 31    40
1938 01 07   116
1938 01 14   116
1938 01 21   116
1938 01 28   116
1938 02 04   106
1938 02 11    99
1938 02 18    99
1938 02 25    99
1938 03 04    49
1938 03 11    11
1938 03 18    11
1938 03 25    11
1938 04 01    10
1938 04 08     6
1938 04 15     6
1938 04 22     6
1938 04 29     6
1938 05 06     1
1938 05 13     0
1938 05 20     0
1938 05 27     0
1938 06 03     0
1938 06 10     0
1938 06 17     0
1938 06 24     0
1938 07 01     0
1938 07 08     0
1938 07 15     0
1938 07 22     0
1938 07 29     0
1938 08 05     0
1938 08 12     0
1938 08 19     0
1938 08 26     0
1938 09 02     0
1938 09 09     0
1938 09 16     0
1938 09 23     0
1938 09 30     0
1938 10 07     0
1938 10 14     0
1938 10 21     0
1938 10 28     0
1938 11 04     0
1938 11 11     0
1938 11 18     0
1938 11 25     0
1938 12 02     1
1938 12 09     3
1938 12 16     3
1938 12 23     3
1938 12 30     3
1939 01 06    85
1939 01 13    99
1939 01 20    99
1939 01 27    99
1939 02 03    98
1939 02 10    96
1939 02 17    96
1939 02 24    96
1939 03 03    66
1939 03 10    25
1939 03 17    25
1939 03 24    25
1939 03 31    25
1939 04 07     3
1939 04 14     3
1939 04 21     3
1939 04 28     3
1939 05 05     1
1939 05 12     0
1939 05 19     0
1939 05 26     0
1939 06 02     0
1939 06 09     0
1939 06 16     0
1939 06 23     0
1939 06 30     0
1939 07 07     0
1939 07 14     0
1939 07 21     0
1939 07 28     0
1939 08 04     0
1939 08 11     0
1939 08 18     0
1939 08 25     0
1939 09 01     0
1939 09 08     0
1939 09 15     0
1939 09 22     0
1939 09 29     0
1939 10 06     0
1939 10 13     0
1939 10 20     0
1939 10 27     0
1939 11 03     0
1939 11 10     0
1939 11 17     0
1939 11 24     0
1939 12 01     2
1939 12 08    14
1939 12 15    14
1939 12 22    14
1939 12 29    14
1940 01 05    87
1940 01 12   116
1940 01 19   116
1940 01 26   116
1940 02 02   109
1940 02 09    93
1940 02 16    93
1940 02 23    93
1940 03 01    86
1940 03 08    42
1940 03 15    42
1940 03 22    42
1940 03 29    42
1940 04 05    30
1940 04 12    25
1940 04 19    25
1940 04 26    25
1940 05 03    14
1940 05 10     0
1940 05 17     0
1940 05 24     0
1940 05 31     0
1940 06 07     0
1940 06 14     0
1940 06 21     0
1940 06 28     0
1940 07 05     0
1940 07 12     0
1940 07 19     0
1940 07 26     0
1940 08 02     0
1940 08 09     0
1940 08 16     0
1940 08 23     0
1940 08 30     0
1940 09 06     0
1940 09 13     0
1940 09 20     0
1940 09 27     0
1940 10 04     0
1940 10 11     0
1940 10 18     0
1940 10 25     0
1940 11 01     0
1940 11 08     0
1940 11 15     0
1940 11 22     0
1940 11 29     0
1940 12 06    20
1940 12 13    23
1940 12 20    23
1940 12 27    23
1941 01 03    51
1941 01 10    88
1941 01 17    88
1941 01 24    88
1941 01 31    88
1941 02 07    76
1941 02 14    76
1941 02 21    76
1941 02 28    76
1941 03 07    25
1941 03 14    25
1941 03 21    25
1941 03 28    25
1941 04 04    12
1941 04 11     3
1941 04 18     3
1941 04 25     3
1941 05 02     2
1941 05 09     0
1941 05 16     0
1941 05 23     0
1941 05 30     0
1941 06 06     0
1941 06 13     0
1941 06 20     0
1941 06 27     0
1941 07 04     0
1941 07 11     0
1941 07 18     0
1941 07 25     0
1941 08 01     0
1941 08 08     0
1941 08 15     0
1941 08 22     0
1941 08 29     0
1941 09 05     0
1941 09 12     0
1941 09 19     0
1941 09 26     0
1941 10 03     0
1941 10 10     0
1941 10 17     0
1941 10 24     0
1941 10 31     0
1941 11 07     0
1941 11 14     0
1941 11 21     0
1941 11 28     0
1941 12 05     8
1941 12 12    11
1941 12 19    11
1941 12 26    11
1942 01 02    36
1942 01 09    99
1942 01 16    99
1942 01 23    99
1942 01 30    99
1942 02 06    90
1942 02 13    88
1942 02 20    88
1942 02 27    88
1942 03 06    22
1942 03 13    11
1942 03 20    11
1942 03 27    11
1942 04 03     9
1942 04 10     6
1942 04 17     6
1942 04 24     6
1942 05 01     5
1942 05 08     0
1942 05 15     0
1942 05 22     0
1942 05 29     0
1942 06 05     0
1942 06 12     0
1942 06 19     0
1942 06 26     0
1942 07 03     0
1942 07 10     0
1942 07 17     0
1942 07 24     0
1942 07 31     0
1942 08 07     0
1942 08 14     0
1942 08 21     0
1942 08 28     0
1942 09 04     0
1942 09 11     0
1942 09 18     0
1942 09 25     0
1942 10 02     0
1942 10 09     0
1942 10 16     0
1942 10 23     0
1942 10 30     0
1942 11 06     0
1942 11 13     0
1942 11 20     0
1942 11 27     0
1942 12 04    21
1942 12 11    37
1942 12 18    37
1942 12 25    37
1943 01 01    54
1943 01 08   156
1943 01 15   156
1943 01 22   156
1943 01 29   156
1943 02 05    89
1943 02 12    62
1943 02 19    62
1943 02 26    62
1943 03 05    48
1943 03 12    42
1943 03 19    42
1943 03 26    42
1943 04 02    33
1943 04 09    11
1943 04 16    11
1943 04 23    11
1943 04 30    11
1943 05 07     0
1943 05 14     0
1943 05 21     0
1943 05 28     0
1943 06 04     0
1943 06 11     0
1943 06 18     0
1943 06 25     0
1943 07 02     0
1943 07 09     0
1943 07 16     0
1943 07 23     0
1943 07 30     0
1943 08 06     0
1943 08 13     0
1943 08 20     0
1943 08 27     0
1943 09 03     0
1943 09 10     0
1943 09 17     0
1943 09 24     0
1943 10 01     0
1943 10 08     0
1943 10 15     0
1943 10 22     0
1943 10 29     0
1943 11 05     0
1943 11 12     0
1943 11 19     0
1943 11 26     0
1943 12 03    18
1943 12 10    42
1943 12 17    42
1943 12 24    42
1943 12 31    42
1944 01 07   125
1944 01 14   125
1944 01 21   125
1944 01 28   125
1944 02 04   107
1944 02 11    93
1944 02 18    93
1944 02 25    93
1944 03 03    63
1944 03 10    23
1944 03 17    23
1944 03 24    23
1944 03 31    23
1944 04 07     8
1944 04 14     8
1944 04 21     8
1944 04 28     8
1944 05 05     2
1944 05 12     0
1944 05 19     0
1944 05 26     0
1944 06 02     0
1944 06 09     0
1944 06 16     0
1944 06 23     0
1944 06 30     0
1944 07 07     0
1944 07 14     0
1944 07 21     0
1944 07 28     0
1944 08 04     0
1944 08 11     0
1944 08 18     0
1944 08 25     0
1944 09 01     0
1944 09 08     0
1944 09 15     0
1944 09 22     0
1944 09 29     0
1944 10 06     0
1944 10 13     0
1944 10 20     0
1944 10 27     0
1944 11 03     0
1944 11 10     0
1944 11 17     0
1944 11 24     0
1944 12 01     4
1944 12 08    28
1944 12 15    28
1944 12 22    28
1944 12 29    28
1945 01 05    85
1945 01 12   108
1945 01 19   108
1945 01 26   108
1945 02 02   110
1945 02 09   116
1945 02 16   116
1945 02 23   116
1945 03 02    83
1945 03 09     0
1945 03 16     0
1945 03 23     0
1945 03 30     0
1945 04 06     0
1945 04 13     0
1945 04 20     0
1945 04 27     0
1945 05 04     0
1945 05 11     0
1945 05 18     0
1945 05 25     0
1945 06 01     0
1945 06 08     0
1945 06 15     0
1945 06 22     0
1945 06 29     0
1945 07 06     0
1945 07 13     0
1945 07 20     0
1945 07 27     0
1945 08 03     0
1945 08 10     0
1945 08 17     0
1945 08 24     0
1945 08 31     0
1945 09 07     0
1945 09 14     0
1945 09 21     0
1945 09 28     0
1945 10 05     0
1945 10 12     0
1945 10 19     0
1945 10 26     0
1945 11 02     0
1945 11 09     0
1945 11 16     0
1945 11 23     0
1945 11 30     0
1945 12 07    40
1945 12 14    40
1945 12 21    40
1945 12 28    40
1946 01 04    51
1946 01 11    59
1946 01 18    59
1946 01 25    59
1946 02 01    63
1946 02 08    85
1946 02 15    85
1946 02 22    85
1946 03 01    73
1946 03 08     3
1946 03 15     3
1946 03 22     3
1946 03 29     3
1946 04 05     3
1946 04 12     3
1946 04 19     3
1946 04 26     3
1946 05 03     2
1946 05 10     0
1946 05 17     0
1946 05 24     0
1946 05 31     0
1946 06 07     0
1946 06 14     0
1946 06 21     0
1946 06 28     0
1946 07 05     0
1946 07 12     0
1946 07 19     0
1946 07 26     0
1946 08 02     0
1946 08 09     0
1946 08 16     0
1946 08 23     0
1946 08 30     0
1946 09 06     0
1946 09 13     0
1946 09 20     0
1946 09 27     0
1946 10 04     0
1946 10 11     0
1946 10 18     0
1946 10 25     0
1946 11 01     0
1946 11 08     0
1946 11 15     0
1946 11 22     0
1946 11 29     0
1946 12 06     3
1946 12 13     3
1946 12 20     3
1946 12 27     3
1947 01 03    41
1947 01 10    91
1947 01 17    91
1947 01 24    91
1947 01 31    91
1947 02 07    65
1947 02 14    65
1947 02 21    65
1947 02 28    65
1947 03 07    14
1947 03 14    14
1947 03 21    14
1947 03 28    14
1947 04 04     9
1947 04 11     6
1947 04 18     6
1947 04 25     6
1947 05 02     4
1947 05 09     0
1947 05 16     0
1947 05 23     0
1947 05 30     0
1947 06 06     0
1947 06 13     0
1947 06 20     0
1947 06 27     0
1947 07 04     0
1947 07 11     0
1947 07 18     0
1947 07 25     0
1947 08 01     0
1947 08 08     0
1947 08 15     0
1947 08 22     0
1947 08 29     0
1947 09 05     0
1947 09 12     0
1947 09 19     0
1947 09 26     0
1947 10 03     0
1947 10 10     0
1947 10 17     0
1947 10 24     0
1947 10 31     0
1947 11 07     0
1947 11 14     0
1947 11 21     0
1947 11 28     0
1947 12 05    24
1947 12 12    34
1947 12 19    34
1947 12 26    34
1948 01 02    57
1948 01 09   116
1948 01 16   116
1948 01 23   116
1948 01 30   116
1948 02 06    72
1948 02 13    65
1948 02 20    65
1948 02 27    65
1948 03 05    31
1948 03 12    17
1948 03 19    17
1948 03 26    17
1948 04 02    12
1948 04 09     0
1948 04 16     0
1948 04 23     0
1948 04 30     0
1948 05 07     0
1948 05 14     0
1948 05 21     0
1948 05 28     0
1948 06 04     0
1948 06 11     0
1948 06 18     0
1948 06 25     0
1948 07 02     0
1948 07 09     0
1948 07 16     0
1948 07 23     0
1948 07 30     0
1948 08 06     0
1948 08 13     0
1948 08 20     0
1948 08 27     0
1948 09 03     0
1948 09 10     0
1948 09 17     0
1948 09 24     0
1948 10 01     0
1948 10 08     0
1948 10 15     0
1948 10 22     0
1948 10 29     0
1948 11 05     0
1948 11 12     0
1948 11 19     0
1948 11 26     0
1948 12 03     0
1948 12 10     0
1948 12 17     0
1948 12 24     0
1948 12 31     0
1949 01 07    31
1949 01 14    31
1949 01 21    31
1949 01 28    31
1949 02 04    46
1949 02 11    57
1949 02 18    57
1949 02 25    57
1949 03 04    26
1949 03 11     3
1949 03 18     3
1949 03 25     3
1949 04 01     3
1949 04 08     0
1949 04 15     0
1949 04 22     0
1949 04 29     0
1949 05 06     0
1949 05 13     0
1949 05 20     0
1949 05 27     0
1949 06 03     0
1949 06 10     0
1949 06 17     0
1949 06 24     0
1949 07 01     0
1949 07 08     0
1949 07 15     0
1949 07 22     0
1949 07 29     0
1949 08 05     0
1949 08 12     0
1949 08 19     0
1949 08 26     0
1949 09 02     0
1949 09 09     0
1949 09 16     0
1949 09 23     0
1949 09 30     0
1949 10 07     0
1949 10 14     0
1949 10 21     0
1949 10 28     0
1949 11 04     0
1949 11 11     0
1949 11 18     0
1949 11 25     0
1949 12 02     2
1949 12 09     6
1949 12 16     6
1949 12 23     6
1949 12 30     6
1950 01 06    37
1950 01 13    42
1950 01 20    42
1950 01 27    42
1950 02 03    51
1950 02 10    62
1950 02 17    62
1950 02 24    62
1950 03 03    49
1950 03 10    31
1950 03 17    31
1950 03 24    31
1950 03 31    31
1950 04 07    20
1950 04 14    20
1950 04 21    20
1950 04 28    20
1950 05 05     6
1950 05 12     0
1950 05 19     0
1950 05 26     0
1950 06 02     0
1950 06 09     0
1950 06 16     0
1950 06 23     0
1950 06 30     0
1950 07 07     0
1950 07 14     0
1950 07 21     0
1950 07 28     0
1950 08 04     0
1950 08 11     0
1950 08 18     0
1950 08 25     0
1950 09 01     0
1950 09 08     0
1950 09 15     0
1950 09 22     0
1950 09 29     0
1950 10 06     0
1950 10 13     0
1950 10 20     0
1950 10 27     0
1950 11 03     0
1950 11 10     0
1950 11 17     0
1950 11 24     0
1950 12 01     5
1950 12 08    34
1950 12 15    34
1950 12 22    34
1950 12 29    34
1951 01 05    80
1951 01 12    99
1951 01 19    99
1951 01 26    99
1951 02 02    88
1951 02 09    62
1951 02 16    62
1951 02 23    62
1951 03 02    47
1951 03 09    11
1951 03 16    11
1951 03 23    11
1951 03 30    11
1951 04 06    33
1951 04 13    37
1951 04 20    37
1951 04 27    37
1951 05 04    16
1951 05 11     0
1951 05 18     0
1951 05 25     0
1951 06 01     0
1951 06 08     0
1951 06 15     0
1951 06 22     0
1951 06 29     0
1951 07 06     0
1951 07 13     0
1951 07 20     0
1951 07 27     0
1951 08 03     0
1951 08 10     0
1951 08 17     0
1951 08 24     0
1951 08 31     0
1951 09 07     0
1951 09 14     0
1951 09 21     0
1951 09 28     0
1951 10 05     0
1951 10 12     0
1951 10 19     0
1951 10 26     0
1951 11 02     0
1951 11 09     0
1951 11 16     0
1951 11 23     0
1951 11 30     0
1951 12 07    88
1951 12 14    88
1951 12 21    88
1951 12 28    88
1952 01 04    98
1952 01 11   105
1952 01 18   105
1952 01 25   105
1952 02 01    97
1952 02 08    48
1952 02 15    48
1952 02 22    48
1952 02 29    48
1952 03 07    14
1952 03 14    14
1952 03 21    14
1952 03 28    14
1952 04 04    22
1952 04 11    28
1952 04 18    28
1952 04 25    28
1952 05 02    20
1952 05 09     0
1952 05 16     0
1952 05 23     0
1952 05 30     0
1952 06 06     0
1952 06 13     0
1952 06 20     0
1952 06 27     0
1952 07 04     0
1952 07 11     0
1952 07 18     0
1952 07 25     0
1952 08 01     0
1952 08 08     0
1952 08 15     0
1952 08 22     0
1952 08 29     0
1952 09 05     0
1952 09 12     0
1952 09 19     0
1952 09 26     0
1952 10 03     0
1952 10 10     0
1952 10 17     0
1952 10 24     0
1952 10 31     0
1952 11 07     0
1952 11 14     0
1952 11 21     0
1952 11 28     0
1952 12 05    12
1952 12 12    17
1952 12 19    17
1952 12 26    17
1953 01 02    29
1953 01 09    59
1953 01 16    59
1953 01 23    59
1953 01 30    59
1953 02 06    52
1953 02 13    51
1953 02 20    51
1953 02 27    51
1953 03 06    27
1953 03 13    23
1953 03 20    23
1953 03 27    23
1953 04 03    25
1953 04 10    28
1953 04 17    28
1953 04 24    28
1953 05 01    24
1953 05 08     0
1953 05 15     0
1953 05 22     0
1953 05 29     0
1953 06 05     0
1953 06 12     0
1953 06 19     0
1953 06 26     0
1953 07 03     0
1953 07 10     0
1953 07 17     0
1953 07 24     0
1953 07 31     0
1953 08 07     0
1953 08 14     0
1953 08 21     0
1953 08 28     0
1953 09 04     0
1953 09 11     0
1953 09 18     0
1953 09 25     0
1953 10 02     0
1953 10 09     0
1953 10 16     0
1953 10 23     0
1953 10 30     0
1953 11 06     0
1953 11 13     0
1953 11 20     0
1953 11 27     0
1953 12 04     0
1953 12 11     0
1953 12 18     0
1953 12 25     0
1954 01 01    13
1954 01 08    88
1954 01 15    88
1954 01 22    88
1954 01 29    88
1954 02 05    39
1954 02 12    20
1954 02 19    20
1954 02 26    20
1954 03 05    10
1954 03 12     6
1954 03 19     6
1954 03 26     6
1954 04 02    11
1954 04 09    23
1954 04 16    23
1954 04 23    23
1954 04 30    23
1954 05 07     0
1954 05 14     0
1954 05 21     0
1954 05 28     0
1954 06 04     0
1954 06 11     0
1954 06 18     0
1954 06 25     0
1954 07 02     0
1954 07 09     0
1954 07 16     0
1954 07 23     0
1954 07 30     0
1954 08 06     0
1954 08 13     0
1954 08 20     0
1954 08 27     0
1954 09 03     0
1954 09 10     0
1954 09 17     0
1954 09 24     0
1954 10 01     0
1954 10 08     0
1954 10 15     0
1954 10 22     0
1954 10 29     0
1954 11 05     0
1954 11 12     0
1954 11 19     0
1954 11 26     0
1954 12 03     6
1954 12 10    14
1954 12 17    14
1954 12 24    14
1954 12 31    14
1955 01 07    65
1955 01 14    65
1955 01 21    65
1955 01 28    65
1955 02 04    54
1955 02 11    45
1955 02 18    45
1955 02 25    45
1955 03 04    19
1955 03 11     0
1955 03 18     0
1955 03 25     0
1955 04 01     0
1955 04 08     3
1955 04 15     3
1955 04 22     3
1955 04 29     3
1955 05 06     0
1955 05 13     0
1955 05 20     0
1955 05 27     0
1955 06 03     0
1955 06 10     0
1955 06 17     0
1955 06 24     0
1955 07 01     0
1955 07 08     0
1955 07 15     0
1955 07 22     0
1955 07 29     0
1955 08 05     0
1955 08 12     0
1955 08 19     0
1955 08 26     0
1955 09 02     0
1955 09 09     0
1955 09 16     0
1955 09 23     0
1955 09 30     0
1955 10 07     0
1955 10 14     0
1955 10 21     0
1955 10 28     0
1955 11 04     0
1955 11 11     0
1955 11 18     0
1955 11 25     0
1955 12 02    10
1955 12 09    34
1955 12 16    34
1955 12 23    34
1955 12 30    34
1956 01 06    83
1956 01 13    91
1956 01 20    91
1956 01 27    91
1956 02 03    75
1956 02 10    54
1956 02 17    54
1956 02 24    54
1956 03 02    44
1956 03 09    20
1956 03 16    20
1956 03 23    20
1956 03 30    20
1956 04 06     8
1956 04 13     6
1956 04 20     6
1956 04 27     6
1956 05 04     3
1956 05 11     0
1956 05 18     0
1956 05 25     0
1956 06 01     0
1956 06 08     0
1956 06 15     0
1956 06 22     0
1956 06 29     0
1956 07 06     0
1956 07 13     0
1956 07 20     0
1956 07 27     0
1956 08 03     0
1956 08 10     0
1956 08 17     0
1956 08 24     0
1956 08 31     0
1956 09 07     0
1956 09 14     0
1956 09 21     0
1956 09 28     0
1956 10 05     0
1956 10 12     0
1956 10 19     0
1956 10 26     0
1956 11 02     0
1956 11 09     0
1956 11 16     0
1956 11 23     0
1956 11 30     0
1956 12 07     0
1956 12 14     0
1956 12 21     0
1956 12 28     0
1957 01 04    74
1957 01 11   130
1957 01 18   130
1957 01 25   130
1957 02 01   120
1957 02 08    62
1957 02 15    62
1957 02 22    62
1957 03 01    56
1957 03 08    17
1957 03 15    17
1957 03 22    17
1957 03 29    17
1957 04 05    13
1957 04 12    11
1957 04 19    11
1957 04 26    11
1957 05 03     6
1957 05 10     0
1957 05 17     0
1957 05 24     0
1957 05 31     0
1957 06 07     0
1957 06 14     0
1957 06 21     0
1957 06 28     0
1957 07 05     0
1957 07 12     0
1957 07 19     0
1957 07 26     0
1957 08 02     0
1957 08 09     0
1957 08 16     0
1957 08 23     0
1957 08 30     0
1957 09 06     0
1957 09 13     0
1957 09 20     0
1957 09 27     0
1957 10 04     0
1957 10 11     0
1957 10 18     0
1957 10 25     0
1957 11 01     0
1957 11 08     0
1957 11 15     0
1957 11 22     0
1957 11 29     0
1957 12 06    27
1957 12 13    31
1957 12 20    31
1957 12 27    31
1958 01 03    54
1958 01 10    85
1958 01 17    85
1958 01 24    85
1958 01 31    85
1958 02 07    74
1958 02 14    74
1958 02 21    74
1958 02 28    74
1958 03 07     8
1958 03 14     8
1958 03 21     8
1958 03 28     8
1958 04 04     8
1958 04 11     8
1958 04 18     8
1958 04 25     8
1958 05 02     6
1958 05 09     0
1958 05 16     0
1958 05 23     0
1958 05 30     0
1958 06 06     0
1958 06 13     0
1958 06 20     0
1958 06 27     0
1958 07 04     0
1958 07 11     0
1958 07 18     0
1958 07 25     0
1958 08 01     0
1958 08 08     0
1958 08 15     0
1958 08 22     0
1958 08 29     0
1958 09 05     0
1958 09 12     0
1958 09 19     0
1958 09 26     0
1958 10 03     0
1958 10 10     0
1958 10 17     0
1958 10 24     0
1958 10 31     0
1958 11 07     0
1958 11 14     0
1958 11 21     0
1958 11 28     0
1958 12 05    66
1958 12 12    93
1958 12 19    93
1958 12 26    93
1959 01 02    96
1959 01 09   105
1959 01 16   105
1959 01 23   105
1959 01 30   105
1959 02 06   109
1959 02 13   110
1959 02 20   110
1959 02 27   110
1959 03 06    35
1959 03 13    23
1959 03 20    23
1959 03 27    23
1959 04 03    14
1959 04 10     3
1959 04 17     3
1959 04 24     3
1959 05 01     3
1959 05 08     0
1959 05 15     0
1959 05 22     0
1959 05 29     0
1959 06 05     0
1959 06 12     0
1959 06 19     0
1959 06 26     0
1959 07 03     0
1959 07 10     0
1959 07 17     0
1959 07 24     0
1959 07 31     0
1959 08 07     0
1959 08 14     0
1959 08 21     0
1959 08 28     0
1959 09 04     0
1959 09 11     0
1959 09 18     0
1959 09 25     0
1959 10 02     0
1959 10 09     0
1959 10 16     0
1959 10 23     0
1959 10 30     0
1959 11 06     0
1959 11 13     0
1959 11 20     0
1959 11 27     0
1959 12 04    16
1959 12 11    28
1959 12 18    28
1959 12 25    28
1960 01 01    43
1960 01 08   136
1960 01 15   136
1960 01 22   136
1960 01 29   136
1960 02 05    80
1960 02 12    57
1960 02 19    57
1960 02 26    57
1960 03 04    42
1960 03 11    31
1960 03 18    31
1960 03 25    31
1960 04 01    27
1960 04 08     3
1960 04 15     3
1960 04 22     3
1960 04 29     3
1960 05 06     0
1960 05 13     0
1960 05 20     0
1960 05 27     0
1960 06 03     0
1960 06 10     0
1960 06 17     0
1960 06 24     0
1960 07 01     0
1960 07 08     0
1960 07 15     0
1960 07 22     0
1960 07 29     0
1960 08 05     0
1960 08 12     0
1960 08 19     0
1960 08 26     0
1960 09 02     0
1960 09 09     0
1960 09 16     0
1960 09 23     0
1960 09 30     0
1960 10 07     0
1960 10 14     0
1960 10 21     0
1960 10 28     0
1960 11 04     0
1960 11 11     0
1960 11 18     0
1960 11 25     0
1960 12 02     7
1960 12 09    25
1960 12 16    25
1960 12 23    25
1960 12 30    25
1961 01 06   147
1961 01 13   167
1961 01 20   167
1961 01 27   167
1961 02 03   126
1961 02 10    71
1961 02 17    71
1961 02 24    71
1961 03 03    62
1961 03 10    51
1961 03 17    51
1961 03 24    51
1961 03 31    51
1961 04 07     8
1961 04 14     8
1961 04 21     8
1961 04 28     8
1961 05 05     2
1961 05 12     0
1961 05 19     0
1961 05 26     0
1961 06 02     0
1961 06 09     0
1961 06 16     0
1961 06 23     0
1961 06 30     0
1961 07 07     0
1961 07 14     0
1961 07 21     0
1961 07 28     0
1961 08 04     0
1961 08 11     0
1961 08 18     0
1961 08 25     0
1961 09 01     0
1961 09 08     0
1961 09 15     0
1961 09 22     0
1961 09 29     0
1961 10 06     0
1961 10 13     0
1961 10 20     0
1961 10 27     0
1961 11 03     0
1961 11 10     0
1961 11 17     0
1961 11 24     0
1961 12 01     3
1961 12 08    20
1961 12 15    20
1961 12 22    20
1961 12 29    20
1962 01 05    28
1962 01 12    31
1962 01 19    31
1962 01 26    31
1962 02 02    30
1962 02 09    28
1962 02 16    28
1962 02 23    28
1962 03 02    25
1962 03 09    17
1962 03 16    17
1962 03 23    17
1962 03 30    17
1962 04 06     8
1962 04 13     6
1962 04 20     6
1962 04 27     6
1962 05 04     3
1962 05 11     0
1962 05 18     0
1962 05 25     0
1962 06 01     0
1962 06 08     0
1962 06 15     0
1962 06 22     0
1962 06 29     0
1962 07 06     0
1962 07 13     0
1962 07 20     0
1962 07 27     0
1962 08 03     0
1962 08 10     0
1962 08 17     0
1962 08 24     0
1962 08 31     0
1962 09 07     0
1962 09 14     0
1962 09 21     0
1962 09 28     0
1962 10 05     0
1962 10 12     0
1962 10 19     0
1962 10 26     0
1962 11 02     0
1962 11 09     0
1962 11 16     0
1962 11 23     0
1962 11 30     0
1962 12 07    34
1962 12 14    34
1962 12 21    34
1962 12 28    34
1963 01 04    84
1963 01 11   122
1963 01 18   122
1963 01 25   122
1963 02 01   120
1963 02 08   105
1963 02 15   105
1963 02 22   105
1963 03 01    95
1963 03 08    34
1963 03 15    34
1963 03 22    34
1963 03 29    34
1963 04 05    14
1963 04 12     6
1963 04 19     6
1963 04 26     6
1963 05 03     3
1963 05 10     0
1963 05 17     0
1963 05 24     0
1963 05 31     0
1963 06 07     0
1963 06 14     0
1963 06 21     0
1963 06 28     0
1963 07 05     0
1963 07 12     0
1963 07 19     0
1963 07 26     0
1963 08 02     0
1963 08 09     0
1963 08 16     0
1963 08 23     0
1963 08 30     0
1963 09 06     0
1963 09 13     0
1963 09 20     0
1963 09 27     0
1963 10 04     0
1963 10 11     0
1963 10 18     0
1963 10 25     0
1963 11 01     0
1963 11 08     0
1963 11 15     0
1963 11 22     0
1963 11 29     0
1963 12 06    63
1963 12 13    74
1963 12 20    74
1963 12 27    74
1964 01 03    87
1964 01 10   105
1964 01 17   105
1964 01 24   105
1964 01 31   105
1964 02 07    62
1964 02 14    62
1964 02 21    62
1964 02 28    62
1964 03 06    18
1964 03 13    11
1964 03 20    11
1964 03 27    11
1964 04 03     9
1964 04 10     6
1964 04 17     6
1964 04 24     6
1964 05 01     5
1964 05 08     0
1964 05 15     0
1964 05 22     0
1964 05 29     0
1964 06 05     0
1964 06 12     0
1964 06 19     0
1964 06 26     0
1964 07 03     0
1964 07 10     0
1964 07 17     0
1964 07 24     0
1964 07 31     0
1964 08 07     0
1964 08 14     0
1964 08 21     0
1964 08 28     0
1964 09 04     0
1964 09 11     0
1964 09 18     0
1964 09 25     0
1964 10 02     0
1964 10 09     0
1964 10 16     0
1964 10 23     0
1964 10 30     0
1964 11 06     0
1964 11 13     0
1964 11 20     0
1964 11 27     0
1964 12 04    10
1964 12 11    17
1964 12 18    17
1964 12 25    17
1965 01 01    34
1965 01 08   133
1965 01 15   133
1965 01 22   133
1965 01 29   133
1965 02 05   109
1965 02 12    99
1965 02 19    99
1965 02 26    99
1965 03 05    30
1965 03 12     3
1965 03 19     3
1965 03 26     3
1965 04 02     2
1965 04 09     0
1965 04 16     0
1965 04 23     0
1965 04 30     0
1965 05 07     0
1965 05 14     0
1965 05 21     0
1965 05 28     0
1965 06 04     0
1965 06 11     0
1965 06 18     0
1965 06 25     0
1965 07 02     0
1965 07 09     0
1965 07 16     0
1965 07 23     0
1965 07 30     0
1965 08 06     0
1965 08 13     0
1965 08 20     0
1965 08 27     0
1965 09 03     0
1965 09 10     0
1965 09 17     0
1965 09 24     0
1965 10 01     0
1965 10 08     0
1965 10 15     0
1965 10 22     0
1965 10 29     0
1965 11 05     0
1965 11 12     0
1965 11 19     0
1965 11 26     0
1965 12 03     0
1965 12 10     0
1965 12 17     0
1965 12 24     0
1965 12 31     0
1966 01 07   105
1966 01 14   105
1966 01 21   105
1966 01 28   105
1966 02 04    90
1966 02 11    79
1966 02 18    79
1966 02 25    79
1966 03 04    50
1966 03 11    28
1966 03 18    28
1966 03 25    28
1966 04 01    26
1966 04 08    11
1966 04 15    11
1966 04 22    11
1966 04 29    11
1966 05 06     2
1966 05 13     0
1966 05 20     0
1966 05 27     0
1966 06 03     0
1966 06 10     0
1966 06 17     0
1966 06 24     0
1966 07 01     0
1966 07 08     0
1966 07 15     0
1966 07 22     0
1966 07 29     0
1966 08 05     0
1966 08 12     0
1966 08 19     0
1966 08 26     0
1966 09 02     0
1966 09 09     0
1966 09 16     0
1966 09 23     0
1966 09 30     0
1966 10 07     0
1966 10 14     0
1966 10 21     0
1966 10 28     0
1966 11 04     0
1966 11 11     0
1966 11 18     0
1966 11 25     0
1966 12 02     6
1966 12 09    20
1966 12 16    20
1966 12 23    20
1966 12 30    20
1967 01 06    71
1967 01 13    79
1967 01 20    79
1967 01 27    79
1967 02 03    83
1967 02 10    88
1967 02 17    88
1967 02 24    88
1967 03 03    60
1967 03 10    23
1967 03 17    23
1967 03 24    23
1967 03 31    23
1967 04 07    20
1967 04 14    20
1967 04 21    20
1967 04 28    20
1967 05 05     6
1967 05 12     0
1967 05 19     0
1967 05 26     0
1967 06 02     0
1967 06 09     0
1967 06 16     0
1967 06 23     0
1967 06 30     0
1967 07 07     0
1967 07 14     0
1967 07 21     0
1967 07 28     0
1967 08 04     0
1967 08 11     0
1967 08 18     0
1967 08 25     0
1967 09 01     0
1967 09 08     0
1967 09 15     0
1967 09 22     0
1967 09 29     0
1967 10 06     0
1967 10 13     0
1967 10 20     0
1967 10 27     0
1967 11 03     0
1967 11 10     0
1967 11 17     0
1967 11 24     0
1967 12 01     0
1967 12 08     3
1967 12 15     3
1967 12 22     3
1967 12 29     3
1968 01 05    76
1968 01 12   105
1968 01 19   105
1968 01 26   105
1968 02 02    99
1968 02 09    85
1968 02 16    85
1968 02 23    85
1968 03 01    76
1968 03 08    23
1968 03 15    23
1968 03 22    23
1968 03 29    23
1968 04 05    14
1968 04 12    11
1968 04 19    11
1968 04 26    11
1968 05 03     6
1968 05 10     0
1968 05 17     0
1968 05 24     0
1968 05 31     0
1968 06 07     0
1968 06 14     0
1968 06 21     0
1968 06 28     0
1968 07 05     0
1968 07 12     0
1968 07 19     0
1968 07 26     0
1968 08 02     0
1968 08 09     0
1968 08 16     0
1968 08 23     0
1968 08 30     0
1968 09 06     0
1968 09 13     0
1968 09 20     0
1968 09 27     0
1968 10 04     0
1968 10 11     0
1968 10 18     0
1968 10 25     0
1968 11 01     0
1968 11 08     0
1968 11 15     0
1968 11 22     0
1968 11 29     0
1968 12 06    15
1968 12 13    17
1968 12 20    17
1968 12 27    17
1969 01 03    71
1969 01 10   142
1969 01 17   142
1969 01 24   142
1969 01 31   142
1969 02 07    74
1969 02 14    74
1969 02 21    74
1969 02 28    74
1969 03 07    37
1969 03 14    37
1969 03 21    37
1969 03 28    37
1969 04 04    24
1969 04 11    14
1969 04 18    14
1969 04 25    14
1969 05 02    10
1969 05 09     0
1969 05 16     0
1969 05 23     0
1969 05 30     0
1969 06 06     0
1969 06 13     0
1969 06 20     0
1969 06 27     0
1969 07 04     0
1969 07 11     0
1969 07 18     0
1969 07 25     0
1969 08 01     0
1969 08 08     0
1969 08 15     0
1969 08 22     0
1969 08 29     0
1969 09 05     0
1969 09 12     0
1969 09 19     0
1969 09 26     0
1969 10 03     0
1969 10 10     0
1969 10 17     0
1969 10 24     0
1969 10 31     0
1969 11 07     0
1969 11 14     0
1969 11 21     0
1969 11 28     0
1969 12 05    10
1969 12 12    14
1969 12 19    14
1969 12 26    14
1970 01 02    44
1970 01 09   119
1970 01 16   119
1970 01 23   119
1970 01 30   119
1970 02 06    68
1970 02 13    59
1970 02 20    59
1970 02 27    59
1970 03 06    18
1970 03 13    11
1970 03 20    11
1970 03 27    11
1970 04 03     6
1970 04 10     0
1970 04 17     0
1970 04 24     0
1970 05 01     0
1970 05 08     0
1970 05 15     0
1970 05 22     0
1970 05 29     0
1970 06 05     0
1970 06 12     0
1970 06 19     0
1970 06 26     0
1970 07 03     0
1970 07 10     0
1970 07 17     0
1970 07 24     0
1970 07 31     0
1970 08 07     0
1970 08 14     0
1970 08 21     0
1970 08 28     0
1970 09 04     0
1970 09 11     0
1970 09 18     0
1970 09 25     0
1970 10 02     0
1970 10 09     0
1970 10 16     0
1970 10 23     0
1970 10 30     0
1970 11 06     0
1970 11 13     0
1970 11 20     0
1970 11 27     0
1970 12 04    24
1970 12 11    42
1970 12 18    42
1970 12 25    42
1971 01 01    53
1971 01 08   119
1971 01 15   119
1971 01 22   119
1971 01 29   119
1971 02 05    70
1971 02 12    51
1971 02 19    51
1971 02 26    51
1971 03 05    15
1971 03 12     0
1971 03 19     0
1971 03 26     0
1971 04 02     0
1971 04 09     0
1971 04 16     0
1971 04 23     0
1971 04 30     0
1971 05 07     0
1971 05 14     0
1971 05 21     0
1971 05 28     0
1971 06 04     0
1971 06 11     0
1971 06 18     0
1971 06 25     0
1971 07 02     0
1971 07 09     0
1971 07 16     0
1971 07 23     0
1971 07 30     0
1971 08 06     0
1971 08 13     0
1971 08 20     0
1971 08 27     0
1971 09 03     0
1971 09 10     0
1971 09 17     0
1971 09 24     0
1971 10 01     0
1971 10 08     0
1971 10 15     0
1971 10 22     0
1971 10 29     0
1971 11 05     0
1971 11 12     0
1971 11 19     0
1971 11 26     0
1971 12 03     0
1971 12 10     0
1971 12 17     0
1971 12 24     0
1971 12 31     0
1972 01 07    93
1972 01 14    93
1972 01 21    93
1972 01 28    93
1972 02 04   100
1972 02 11   105
1972 02 18   105
1972 02 25   105
1972 03 03    72
1972 03 10    28
1972 03 17    28
1972 03 24    28
1972 03 31    28
1972 04 07     0
1972 04 14     0
1972 04 21     0
1972 04 28     0
1972 05 05     0
1972 05 12     0
1972 05 19     0
1972 05 26     0
1972 06 02     0
1972 06 09     0
1972 06 16     0
1972 06 23     0
1972 06 30     0
1972 07 07     0
1972 07 14     0
1972 07 21     0
1972 07 28     0
1972 08 04     0
1972 08 11     0
1972 08 18     0
1972 08 25     0
1972 09 01     0
1972 09 08     0
1972 09 15     0
1972 09 22     0
1972 09 29     0
1972 10 06     0
1972 10 13     0
1972 10 20     0
1972 10 27     0
1972 11 03     0
1972 11 10     0
1972 11 17     0
1972 11 24     0
1972 12 01     3
1972 12 08    23
1972 12 15    23
1972 12 22    23
1972 12 29    23
1973 01 05    45
1973 01 12    54
1973 01 19    54
1973 01 26    54
1973 02 02    51
1973 02 09    45
1973 02 16    45
1973 02 23    45
1973 03 02    32
1973 03 09     0
1973 03 16     0
1973 03 23     0
1973 03 30     0
1973 04 06     0
1973 04 13     0
1973 04 20     0
1973 04 27     0
1973 05 04     0
1973 05 11     0
1973 05 18     0
1973 05 25     0
1973 06 01     0
1973 06 08     0
1973 06 15     0
1973 06 22     0
1973 06 29     0
1973 07 06     0
1973 07 13     0
1973 07 20     0
1973 07 27     0
1973 08 03     0
1973 08 10     0
1973 08 17     0
1973 08 24     0
1973 08 31     0
1973 09 07     0
1973 09 14     0
1973 09 21     0
1973 09 28     0
1973 10 05     0
1973 10 12     0
1973 10 19     0
1973 10 26     0
1973 11 02     0
1973 11 09     0
1973 11 16     0
1973 11 23     0
1973 11 30     0
1973 12 07     0
1973 12 14     0
1973 12 21     0
1973 12 28     0
1974 01 04    73
1974 01 11   127
1974 01 18   127
1974 01 25   127
1974 02 01   120
1974 02 08    79
1974 02 15    79
1974 02 22    79
1974 03 01    69
1974 03 08     6
1974 03 15     6
1974 03 22     6
1974 03 29     6
1974 04 05     7
1974 04 12     8
1974 04 19     8
1974 04 26     8
1974 05 03     5
1974 05 10     0
1974 05 17     0
1974 05 24     0
1974 05 31     0
1974 06 07     0
1974 06 14     0
1974 06 21     0
1974 06 28     0
1974 07 05     0
1974 07 12     0
1974 07 19     0
1974 07 26     0
1974 08 02     0
1974 08 09     0
1974 08 16     0
1974 08 23     0
1974 08 30     0
1974 09 06     0
1974 09 13     0
1974 09 20     0
1974 09 27     0
1974 10 04     0
1974 10 11     0
1974 10 18     0
1974 10 25     0
1974 11 01     0
1974 11 08     0
1974 11 15     0
1974 11 22     0
1974 11 29     0
1974 12 06     0
1974 12 13     0
1974 12 20     0
1974 12 27     0
1975 01 03     6
1975 01 10    14
1975 01 17    14
1975 01 24    14
1975 01 31    14
1975 02 07    45
1975 02 14    45
1975 02 21    45
1975 02 28    45
1975 03 07     0
1975 03 14     0
1975 03 21     0
1975 03 28     0
1975 04 04     0
1975 04 11     0
1975 04 18     0
1975 04 25     0
1975 05 02     0
1975 05 09     0
1975 05 16     0
1975 05 23     0
1975 05 30     0
1975 06 06     0
1975 06 13     0
1975 06 20     0
1975 06 27     0
1975 07 04     0
1975 07 11     0
1975 07 18     0
1975 07 25     0
1975 08 01     0
1975 08 08     0
1975 08 15     0
1975 08 22     0
1975 08 29     0
1975 09 05     0
1975 09 12     0
1975 09 19     0
1975 09 26     0
1975 10 03     0
1975 10 10     0
1975 10 17     0
1975 10 24     0
1975 10 31     0
1975 11 07     0
1975 11 14     0
1975 11 21     0
1975 11 28     0
1975 12 05     4
1975 12 12     6
1975 12 19     6
1975 12 26     6
1976 01 02    19
1976 01 09    51
1976 01 16    51
1976 01 23    51
1976 01 30    51
1976 02 06    34
1976 02 13    31
1976 02 20    31
1976 02 27    31
1976 03 05     9
1976 03 12     0
1976 03 19     0
1976 03 26     0
1976 04 02     0
1976 04 09     0
1976 04 16     0
1976 04 23     0
1976 04 30     0
1976 05 07     0
1976 05 14     0
1976 05 21     0
1976 05 28     0
1976 06 04     0
1976 06 11     0
1976 06 18     0
1976 06 25     0
1976 07 02     0
1976 07 09     0
1976 07 16     0
1976 07 23     0
1976 07 30     0
1976 08 06     0
1976 08 13     0
1976 08 20     0
1976 08 27     0
1976 09 03     0
1976 09 10     0
1976 09 17     0
1976 09 24     0
1976 10 01     0
1976 10 08     0
1976 10 15     0
1976 10 22     0
1976 10 29     0
1976 11 05     0
1976 11 12     0
1976 11 19     0
1976 11 26     0
1976 12 03    16
1976 12 10    37
1976 12 17    37
1976 12 24    37
1976 12 31    37
1977 01 07     6
1977 01 14     6
1977 01 21     6
1977 01 28     6
1977 02 04     9
1977 02 11    11
1977 02 18    11
1977 02 25    11
1977 03 04     5
1977 03 11     0
1977 03 18     0
1977 03 25     0
1977 04 01     0
1977 04 08     0
1977 04 15     0
1977 04 22     0
1977 04 29     0
1977 05 06     0
1977 05 13     0
1977 05 20     0
1977 05 27     0
1977 06 03     0
1977 06 10     0
1977 06 17     0
1977 06 24     0
1977 07 01     0
1977 07 08     0
1977 07 15     0
1977 07 22     0
1977 07 29     0
1977 08 05     0
1977 08 12     0
1977 08 19     0
1977 08 26     0
1977 09 02     0
1977 09 09     0
1977 09 16     0
1977 09 23     0
1977 09 30     0
1977 10 07     0
1977 10 14     0
1977 10 21     0
1977 10 28     0
1977 11 04     0
1977 11 11     0
1977 11 18     0
1977 11 25     0
1977 12 02     5
1977 12 09    17
1977 12 16    17
1977 12 23    17
1977 12 30    17
1978 01 06   143
1978 01 13   164
1978 01 20   164
1978 01 27   164
1978 02 03   168
1978 02 10   173
1978 02 17   173
1978 02 24   173
1978 03 03   102
1978 03 10     8
1978 03 17     8
1978 03 24     8
1978 03 31     8
1978 04 07     0
1978 04 14     0
1978 04 21     0
1978 04 28     0
1978 05 05     0
1978 05 12     0
1978 05 19     0
1978 05 26     0
1978 06 02     0
1978 06 09     0
1978 06 16     0
1978 06 23     0
1978 06 30     0
1978 07 07     0
1978 07 14     0
1978 07 21     0
1978 07 28     0
1978 08 04     0
1978 08 11     0
1978 08 18     0
1978 08 25     0
1978 09 01     0
1978 09 08     0
1978 09 15     0
1978 09 22     0
1978 09 29     0
1978 10 06     0
1978 10 13     0
1978 10 20     0
1978 10 27     0
1978 11 03     0
1978 11 10     0
1978 11 17     0
1978 11 24     0
1978 12 01     0
1978 12 08     0
1978 12 15     0
1978 12 22     0
1978 12 29     0
1979 01 05     0
1979 01 12     0
1979 01 19     0
1979 01 26     0
1979 02 02     5
1979 02 09    17
1979 02 16    17
1979 02 23    17
1979 03 02    12
1979 03 09     0
1979 03 16     0
1979 03 23     0
1979 03 30     0
1979 04 06     0
1979 04 13     0
1979 04 20     0
1979 04 27     0
1979 05 04     0
1979 05 11     0
1979 05 18     0
1979 05 25     0
1979 06 01     0
1979 06 08     0
1979 06 15     0
1979 06 22     0
1979 06 29     0
1979 07 06     0
1979 07 13     0
1979 07 20     0
1979 07 27     0
1979 08 03     0
1979 08 10     0
1979 08 17     0
1979 08 24     0
1979 08 31     0
1979 09 07     0
1979 09 14     0
1979 09 21     0
1979 09 28     0
1979 10 05     0
1979 10 12     0
1979 10 19     0
1979 10 26     0
1979 11 02     0
1979 11 09     0
1979 11 16     0
1979 11 23     0
1979 11 30     0
1979 12 07     0
1979 12 14     0
1979 12 21     0
1979 12 28     0
1980 01 04    13
1980 01 11    23
1980 01 18    23
1980 01 25    23
1980 02 01    24
1980 02 08    31
1980 02 15    31
1980 02 22    31
1980 02 29    31
1980 03 07     0
1980 03 14     0
1980 03 21     0
1980 03 28     0
1980 04 04     0
1980 04 11     0
1980 04 18     0
1980 04 25     0
1980 05 02     0
1980 05 09     0
1980 05 16     0
1980 05 23     0
1980 05 30     0
1980 06 06     0
1980 06 13     0
1980 06 20     0
1980 06 27     0
1980 07 04     0
1980 07 11     0
1980 07 18     0
1980 07 25     0
1980 08 01     0
1980 08 08     0
1980 08 15     0
1980 08 22     0
1980 08 29     0
1980 09 05     0
1980 09 12     0
1980 09 19     0
1980 09 26     0
1980 10 03     0
1980 10 10     0
1980 10 17     0
1980 10 24     0
1980 10 31     0
1980 11 07     0
1980 11 14     0
1980 11 21     0
1980 11 28     0
1980 12 05     0
1980 12 12     0
1980 12 19     0
1980 12 26     0
1981 01 02     2
1981 01 09     6
1981 01 16     6
1981 01 23     6
1981 01 30     6
1981 02 06     1
1981 02 13     0
1981 02 20     0
1981 02 27     0
1981 03 06     0
1981 03 13     0
1981 03 20     0
1981 03 27     0
1981 04 03     0
1981 04 10     0
1981 04 17     0
1981 04 24     0
1981 05 01     0
1981 05 08     0
1981 05 15     0
1981 05 22     0
1981 05 29     0
1981 06 05     0
1981 06 12     0
1981 06 19     0
1981 06 26     0
1981 07 03     0
1981 07 10     0
1981 07 17     0
1981 07 24     0
1981 07 31     0
1981 08 07     0
1981 08 14     0
1981 08 21     0
1981 08 28     0
1981 09 04     0
1981 09 11     0
1981 09 18     0
1981 09 25     0
1981 10 02     0
1981 10 09     0
1981 10 16     0
1981 10 23     0
1981 10 30     0
1981 11 06     0
1981 11 13     0
1981 11 20     0
1981 11 27     0
1981 12 04     0
1981 12 11     0
1981 12 18     0
1981 12 25     0
1982 01 01     2
1982 01 08    17
1982 01 15    17
1982 01 22    17
1982 01 29    17
1982 02 05   120
1982 02 12   161
1982 02 19   161
1982 02 26   161
1982 03 05    85
1982 03 12    54
1982 03 19    54
1982 03 26    54
1982 04 02    39
1982 04 09     0
1982 04 16     0
1982 04 23     0
1982 04 30     0
1982 05 07     0
1982 05 14     0
1982 05 21     0
1982 05 28     0
1982 06 04     0
1982 06 11     0
1982 06 18     0
1982 06 25     0
1982 07 02     0
1982 07 09     0
1982 07 16     0
1982 07 23     0
1982 07 30     0
1982 08 06     0
1982 08 13     0
1982 08 20     0
1982 08 27     0
1982 09 03     0
1982 09 10     0
1982 09 17     0
1982 09 24     0
1982 10 01     0
1982 10 08     0
1982 10 15     0
1982 10 22     0
1982 10 29     0
1982 11 05     0
1982 11 12     0
1982 11 19     0
1982 11 26     0
1982 12 03     0
1982 12 10     0
1982 12 17     0
1982 12 24     0
1982 12 31     0
1983 01 07    11
1983 01 14    11
1983 01 21    11
1983 01 28    11
1983 02 04    16
1983 02 11    20
1983 02 18    20
1983 02 25    20
1983 03 04     9
1983 03 11     0
1983 03 18     0
1983 03 25     0
1983 04 01     0
1983 04 08     0
1983 04 15     0
1983 04 22     0
1983 04 29     0
1983 05 06     0
1983 05 13     0
1983 05 20     0
1983 05 27     0
1983 06 03     0
1983 06 10     0
1983 06 17     0
1983 06 24     0
1983 07 01     0
1983 07 08     0
1983 07 15     0
1983 07 22     0
1983 07 29     0
1983 08 05     0
1983 08 12     0
1983 08 19     0
1983 08 26     0
1983 09 02     0
1983 09 09     0
1983 09 16     0
1983 09 23     0
1983 09 30     0
1983 10 07     0
1983 10 14     0
1983 10 21     0
1983 10 28     0
1983 11 04     0
1983 11 11     0
1983 11 18     0
1983 11 25     0
1983 12 02     0
1983 12 09     0
1983 12 16     0
1983 12 23     0
1983 12 30     0
1984 01 06    39
1984 01 13    45
1984 01 20    45
1984 01 27    45
1984 02 03    48
1984 02 10    51
1984 02 17    51
1984 02 24    51
1984 03 02    43
1984 03 09    23
1984 03 16    23
1984 03 23    23
1984 03 30    23
1984 04 06     3
1984 04 13     0
1984 04 20     0
1984 04 27     0
1984 05 04     0
1984 05 11     0
1984 05 18     0
1984 05 25     0
1984 06 01     0
1984 06 08     0
1984 06 15     0
1984 06 22     0
1984 06 29     0
1984 07 06     0
1984 07 13     0
1984 07 20     0
1984 07 27     0
1984 08 03     0
1984 08 10     0
1984 08 17     0
1984 08 24     0
1984 08 31     0
1984 09 07     0
1984 09 14     0
1984 09 21     0
1984 09 28     0
1984 10 05     0
1984 10 12     0
1984 10 19     0
1984 10 26     0
1984 11 02     0
1984 11 09     0
1984 11 16     0
1984 11 23     0
1984 11 30     0
1984 12 07     0
1984 12 14     0
1984 12 21     0
1984 12 28     0
1985 01 04    13
1985 01 11    23
1985 01 18    23
1985 01 25    23
1985 02 01    23
1985 02 08    23
1985 02 15    23
1985 02 22    23
1985 03 01    20
1985 03 08     0
1985 03 15     0
1985 03 22     0
1985 03 29     0
1985 04 05     0
1985 04 12     0
1985 04 19     0
1985 04 26     0
1985 05 03     0
1985 05 10     0
1985 05 17     0
1985 05 24     0
1985 05 31     0
1985 06 07     0
1985 06 14     0
1985 06 21     0
1985 06 28     0
1985 07 05     0
1985 07 12     0
1985 07 19     0
1985 07 26     0
1985 08 02     0
1985 08 09     0
1985 08 16     0
1985 08 23     0
1985 08 30     0
1985 09 06     0
1985 09 13     0
1985 09 20     0
1985 09 27     0
1985 10 04     0
1985 10 11     0
1985 10 18     0
1985 10 25     0
1985 11 01     0
1985 11 08     0
1985 11 15     0
1985 11 22     0
1985 11 29     0
1985 12 06     0
1985 12 13     0
1985 12 20     0
1985 12 27     0
1986 01 03    17
1986 01 10    40
1986 01 17    40
1986 01 24    40
1986 01 31    40
1986 02 07    59
1986 02 14    59
1986 02 21    59
1986 02 28    59
1986 03 07    20
1986 03 14    20
1986 03 21    20
1986 03 28    20
1986 04 04     9
1986 04 11     0
1986 04 18     0
1986 04 25     0
1986 05 02     0
1986 05 09     0
1986 05 16     0
1986 05 23     0
1986 05 30     0
1986 06 06     0
1986 06 13     0
1986 06 20     0
1986 06 27     0
1986 07 04     0
1986 07 11     0
1986 07 18     0
1986 07 25     0
1986 08 01     0
1986 08 08     0
1986 08 15     0
1986 08 22     0
1986 08 29     0
1986 09 05     0
1986 09 12     0
1986 09 19     0
1986 09 26     0
1986 10 03     0
1986 10 10     0
1986 10 17     0
1986 10 24     0
1986 10 31     0
1986 11 07     0
1986 11 14     0
1986 11 21     0
1986 11 28     0
1986 12 05     0
1986 12 12     0
1986 12 19     0
1986 12 26     0
1987 01 02     0
1987 01 09     0
1987 01 16     0
1987 01 23     0
1987 01 30     0
1987 02 06    36
1987 02 13    42
1987 02 20    42
1987 02 27    42
1987 03 06     6
1987 03 13     0
1987 03 20     0
1987 03 27     0
1987 04 03     0
1987 04 10     0
1987 04 17     0
1987 04 24     0
1987 05 01     0
1987 05 08     0
1987 05 15     0
1987 05 22     0
1987 05 29     0
1987 06 05     0
1987 06 12     0
1987 06 19     0
1987 06 26     0
1987 07 03     0
1987 07 10     0
1987 07 17     0
1987 07 24     0
1987 07 31     0
1987 08 07     0
1987 08 14     0
1987 08 21     0
1987 08 28     0
1987 09 04     0
1987 09 11     0
1987 09 18     0
1987 09 25     0
1987 10 02     0
1987 10 09     0
1987 10 16     0
1987 10 23     0
1987 10 30     0
1987 11 06     0
1987 11 13     0
1987 11 20     0
1987 11 27     0
1987 12 04     0
1987 12 11     0
1987 12 18     0
1987 12 25     0
1988 01 01     4
1988 01 08    25
1988 01 15    25
1988 01 22    25
1988 01 29    25
1988 02 05    25
1988 02 12    25
1988 02 19    25
1988 02 26    25
1988 03 04    11
1988 03 11     0
1988 03 18     0
1988 03 25     0
1988 04 01     0
1988 04 08     0
1988 04 15     0
1988 04 22     0
1988 04 29     0
1988 05 06     0
1988 05 13     0
1988 05 20     0
1988 05 27     0
1988 06 03     0
1988 06 10     0
1988 06 17     0
1988 06 24     0
1988 07 01     0
1988 07 08     0
1988 07 15     0
1988 07 22     0
1988 07 29     0
1988 08 05     0
1988 08 12     0
1988 08 19     0
1988 08 26     0
1988 09 02     0
1988 09 09     0
1988 09 16     0
1988 09 23     0
1988 09 30     0
1988 10 07     0
1988 10 14     0
1988 10 21     0
1988 10 28     0
1988 11 04     0
1988 11 11     0
1988 11 18     0
1988 11 25     0
1988 12 02     0
1988 12 09     0
1988 12 16     0
1988 12 23     0
1988 12 30     0
1989 01 06    21
1989 01 13    25
1989 01 20    25
1989 01 27    25
1989 02 03    16
1989 02 10     3
1989 02 17     3
1989 02 24     3
1989 03 03     2
1989 03 10     0
1989 03 17     0
1989 03 24     0
1989 03 31     0
1989 04 07     0
1989 04 14     0
1989 04 21     0
1989 04 28     0
1989 05 05     0
1989 05 12     0
1989 05 19     0
1989 05 26     0
1989 06 02     0
1989 06 09     0
1989 06 16     0
1989 06 23     0
1989 06 30     0
1989 07 07     0
1989 07 14     0
1989 07 21     0
1989 07 28     0
1989 08 04     0
1989 08 11     0
1989 08 18     0
1989 08 25     0
1989 09 01     0
1989 09 08     0
1989 09 15     0
1989 09 22     0
1989 09 29     0
1989 10 06     0
1989 10 13     0
1989 10 20     0
1989 10 27     0
1989 11 03     0
1989 11 10     0
1989 11 17     0
1989 11 24     0
1989 12 01     0
1989 12 08     0
1989 12 15     0
1989 12 22     0
1989 12 29     0
1990 01 05     2
1990 01 12     3
1990 01 19     3
1990 01 26     3
1990 02 02     4
1990 02 09     8
1990 02 16     8
1990 02 23     8
1990 03 02     6
1990 03 09     0
1990 03 16     0
1990 03 23     0
1990 03 30     0
1990 04 06     0
1990 04 13     0
1990 04 20     0
1990 04 27     0
1990 05 04     0
1990 05 11     0
1990 05 18     0
1990 05 25     0
1990 06 01     0
1990 06 08     0
1990 06 15     0
1990 06 22     0
1990 06 29     0
1990 07 06     0
1990 07 13     0
1990 07 20     0
1990 07 27     0
1990 08 03     0
1990 08 10     0
1990 08 17     0
1990 08 24     0
1990 08 31     0
1990 09 07     0
1990 09 14     0
1990 09 21     0
1990 09 28     0
1990 10 05     0
1990 10 12     0
1990 10 19     0
1990 10 26     0
1990 11 02     0
1990 11 09     0
1990 11 16     0
1990 11 23     0
1990 11 30     0
1990 12 07     0
1990 12 14     0
1990 12 21     0
1990 12 28     0
1991 01 04    11
1991 01 11    20
1991 01 18    20
1991 01 25    20
1991 02 01    17
1991 02 08     0
1991 02 15     0
1991 02 22     0
1991 03 01     0
1991 03 08     0
1991 03 15     0
1991 03 22     0
1991 03 29     0
1991 04 05     0
1991 04 12     0
1991 04 19     0
1991 04 26     0
1991 05 03     0
1991 05 10     0
1991 05 17     0
1991 05 24     0
1991 05 31     0
1991 06 07     0
1991 06 14     0
1991 06 21     0
1991 06 28     0
1991 07 05     0
1991 07 12     0
1991 07 19     0
1991 07 26     0
1991 08 02     0
1991 08 09     0
1991 08 16     0
1991 08 23     0
1991 08 30     0
1991 09 06     0
1991 09 13     0
1991 09 20     0
1991 09 27     0
1991 10 04     0
1991 10 11     0
1991 10 18     0
1991 10 25     0
1991 11 01     0
1991 11 08     0
1991 11 15     0
1991 11 22     0
1991 11 29     0
1991 12 06     0
1991 12 13     0
1991 12 20     0
1991 12 27     0
1992 01 03     3
1992 01 10     8
1992 01 17     8
1992 01 24     8
1992 01 31     8
1992 02 07    31
1992 02 14    31
1992 02 21    31
1992 02 28    31
1992 03 06     4
1992 03 13     0
1992 03 20     0
1992 03 27     0
1992 04 03     0
1992 04 10     0
1992 04 17     0
1992 04 24     0
1992 05 01     0
1992 05 08     0
1992 05 15     0
1992 05 22     0
1992 05 29     0
1992 06 05     0
1992 06 12     0
1992 06 19     0
1992 06 26     0
1992 07 03     0
1992 07 10     0
1992 07 17     0
1992 07 24     0
1992 07 31     0
1992 08 07     0
1992 08 14     0
1992 08 21     0
1992 08 28     0
1992 09 04     0
1992 09 11     0
1992 09 18     0
1992 09 25     0
1992 10 02     0
1992 10 09     0
1992 10 16     0
1992 10 23     0
1992 10 30     0
1992 11 06     0
1992 11 13     0
1992 11 20     0
1992 11 27     0
1992 12 04     0
1992 12 11     0
1992 12 18     0
1992 12 25     0
1993 01 01     3
1993 01 08    20
1993 01 15    20
1993 01 22    20
1993 01 29    20
1993 02 05    46
1993 02 12    56
1993 02 19    56
1993 02 26    56
1993 03 05    27
1993 03 12    15
1993 03 19    15
1993 03 26    15
1993 04 02    11
1993 04 09     0
1993 04 16     0
1993 04 23     0
1993 04 30     0
1993 05 07     0
1993 05 14     0
1993 05 21     0
1993 05 28     0
1993 06 04     0
1993 06 11     0
1993 06 18     0
1993 06 25     0
1993 07 02     0
1993 07 09     0
1993 07 16     0
1993 07 23     0
1993 07 30     0
1993 08 06     0
1993 08 13     0
1993 08 20     0
1993 08 27     0
1993 09 03     0
1993 09 10     0
1993 09 17     0
1993 09 24     0
1993 10 01     0
1993 10 08     0
1993 10 15     0
1993 10 22     0
1993 10 29     0
1993 11 05     0
1993 11 12     0
1993 11 19     0
1993 11 26     0
1993 12 03     0
1993 12 10     0
1993 12 17     0
1993 12 24     0
1993 12 31     0
1994 01 07     0
1994 01 14     0
1994 01 21     0
1994 01 28     0
1994 02 04    18
1994 02 11    31
1994 02 18    31
1994 02 25    31
1994 03 04    13
1994 03 11     0
1994 03 18     0
1994 03 25     0
1994 04 01     0
1994 04 08     0
1994 04 15     0
1994 04 22     0
1994 04 29     0
1994 05 06     0
1994 05 13     0
1994 05 20     0
1994 05 27     0
1994 06 03     0
1994 06 10     0
1994 06 17     0
1994 06 24     0
1994 07 01     0
1994 07 08     0
1994 07 15     0
1994 07 22     0
1994 07 29     0
1994 08 05     0
1994 08 12     0
1994 08 19     0
1994 08 26     0
1994 09 02     0
1994 09 09     0
1994 09 16     0
1994 09 23     0
1994 09 30     0
1994 10 07     0
1994 10 14     0
1994 10 21     0
1994 10 28     0
1994 11 04     0
1994 11 11     0
1994 11 18     0
1994 11 25     0
1994 12 02     0
1994 12 09     0
1994 12 16     0
1994 12 23     0
1994 12 30     0
1995 01 06     5
1995 01 13     6
1995 01 20     6
1995 01 27     6
1995 02 03    11
1995 02 10    18
1995 02 17    18
1995 02 24    18
1995 03 03    10
1995 03 10     0
1995 03 17     0
1995 03 24     0
1995 03 31     0
1995 04 07     0
1995 04 14     0
1995 04 21     0
1995 04 28     0
1995 05 05     0
1995 05 12     0
1995 05 19     0
1995 05 26     0
1995 06 02     0
1995 06 09     0
1995 06 16     0
1995 06 23     0
1995 06 30     0
1995 07 07     0
1995 07 14     0
1995 07 21     0
1995 07 28     0
1995 08 04     0
1995 08 11     0
1995 08 18     0
1995 08 25     0
1995 09 01     0
1995 09 08     0
1995 09 15     0
1995 09 22     0
1995 09 29     0
1995 10 06     0
1995 10 13     0
1995 10 20     0
1995 10 27     0
1995 11 03     0
1995 11 10     0
1995 11 17     0
1995 11 24     0
1995 12 01     6
1995 12 08    40
1995 12 15    40
1995 12 22    40
1995 12 29    40
1996 01 05    39
1996 01 12    38
1996 01 19    38
1996 01 26    38
1996 02 02    31
1996 02 09    14
1996 02 16    14
1996 02 23    14
1996 03 01    12
1996 03 08     0
1996 03 15     0
1996 03 22     0
1996 03 29     0
1996 04 05     0
1996 04 12     0
1996 04 19     0
1996 04 26     0
1996 05 03     0
1996 05 10     0
1996 05 17     0
1996 05 24     0
1996 05 31     0
1996 06 07     0
1996 06 14     0
1996 06 21     0
1996 06 28     0
1996 07 05     0
1996 07 12     0
1996 07 19     0
1996 07 26     0
1996 08 02     0
1996 08 09     0
1996 08 16     0
1996 08 23     0
1996 08 30     0
1996 09 06     0
1996 09 13     0
1996 09 20     0
1996 09 27     0
1996 10 04     0
1996 10 11     0
1996 10 18     0
1996 10 25     0
1996 11 01     0
1996 11 08     0
1996 11 15     0
1996 11 22     0
1996 11 29     0
1996 12 06     0
1996 12 13     0
1996 12 20     0
1996 12 27     0
1997 01 03    19
1997 01 10    44
1997 01 17    44
1997 01 24    44
1997 01 31    44
1997 02 07    12
1997 02 14    12
1997 02 21    12
1997 02 28    12
1997 03 07     4
1997 03 14     4
1997 03 21     4
1997 03 28     4
1997 04 04     2
1997 04 11     0
1997 04 18     0
1997 04 25     0
1997 05 02     0
1997 05 09     0
1997 05 16     0
1997 05 23     0
1997 05 30     0
1997 06 06     0
1997 06 13     0
1997 06 20     0
1997 06 27     0
1997 07 04     0
1997 07 11     0
1997 07 18     0
1997 07 25     0
1997 08 01     0
1997 08 08     0
1997 08 15     0
1997 08 22     0
1997 08 29     0
1997 09 05     0
1997 09 12     0
1997 09 19     0
1997 09 26     0
1997 10 03     0
1997 10 10     0
1997 10 17     0
1997 10 24     0
1997 10 31     0
1997 11 07     0
1997 11 14     0
1997 11 21     0
1997 11 28     0
1997 12 05     0
1997 12 12     0
1997 12 19     0
1997 12 26     0
1998 01 02   -28
1998 01 09   -99
1998 01 16   -99
1998 01 23   -99
1998 01 30   -99
1998 02 06   -99
1998 02 13   -99
1998 02 20   -99
1998 02 27   -99
1998 03 06   -99
1998 03 13   -99
1998 03 20   -99
1998 03 27   -99
1998 04 03   -99
1998 04 10   -99
1998 04 17   -99
1998 04 24   -99
1998 05 01   -99
1998 05 08   -99
1998 05 15   -99
1998 05 22   -99
1998 05 29   -99
1998 06 05   -99
1998 06 12   -99
1998 06 19   -99
1998 06 26   -99
1998 07 03   -99
1998 07 10   -99
1998 07 17   -99
1998 07 24   -99
1998 07 31   -99
1998 08 07   -99
1998 08 14   -99
1998 08 21   -99
1998 08 28   -99
1998 09 04   -99
1998 09 11   -99
1998 09 18   -99
1998 09 25   -99
1998 10 02   -99
1998 10 09   -99
1998 10 16   -99
1998 10 23   -99
1998 10 30   -99
1998 11 06   -99
1998 11 13   -99
1998 11 20   -99
1998 11 27   -99
1998 12 04   -99
1998 12 11   -99
1998 12 18   -99
1998 12 25   -99
1999 01 01   -99
1999 01 08   -99
1999 01 15   -99
1999 01 22   -99
1999 01 29   -99
1999 02 05   -99
1999 02 12   -99
1999 02 19   -99
1999 02 26   -99
1999 03 05   -99
1999 03 12   -99
1999 03 19   -99
1999 03 26   -99
1999 04 02   -99
1999 04 09   -99
1999 04 16   -99
1999 04 23   -99
1999 04 30   -99
1999 05 07   -99
1999 05 14   -99
1999 05 21   -99
1999 05 28   -99
1999 06 04   -99
1999 06 11   -99
1999 06 18   -99
1999 06 25   -99
1999 07 02   -99
1999 07 09   -99
1999 07 16   -99
1999 07 23   -99
1999 07 30   -99
1999 08 06   -99
1999 08 13   -99
1999 08 20   -99
1999 08 27   -99
1999 09 03   -99
1999 09 10   -99
1999 09 17   -99
1999 09 24   -99
1999 10 01   -99
1999 10 08   -99
1999 10 15   -99
1999 10 22   -99
1999 10 29   -99
1999 11 05   -99
1999 11 12   -99
1999 11 19   -99
1999 11 26   -99
1999 12 03   -99
1999 12 10   -99
1999 12 17   -99
1999 12 24   -99
1999 12 31   -99
