# Total Lake Ontario Supplies (Erie Outflow & local supplies)
Units: 10m3s
Interval: Weekly
1900 01 05     669
1900 01 12     637
1900 01 19     612
1900 01 26     562
1900 02 02     538
1900 02 09     663
1900 02 16     723
1900 02 23     714
1900 03 02     718
1900 03 09     670
1900 03 16     670
1900 03 23     591
1900 03 30     810
1900 04 06     951
1900 04 13     959
1900 04 20     927
1900 04 27     838
1900 05 04     782
1900 05 11     742
1900 05 18     724
1900 05 25     738
1900 06 01     658
1900 06 08     767
1900 06 15     725
1900 06 22     676
1900 06 29     633
1900 07 06     646
1900 07 13     721
1900 07 20     687
1900 07 27     634
1900 08 03     627
1900 08 10     662
1900 08 17     656
1900 08 24     558
1900 08 31     588
1900 09 07     633
1900 09 14     503
1900 09 21     554
1900 09 28     604
1900 10 05     585
1900 10 12     565
1900 10 19     539
1900 10 26     548
1900 11 02     581
1900 11 09     565
1900 11 16     491
1900 11 23     697
1900 11 30     850
1900 12 07     661
1900 12 14     708
1900 12 21     602
1900 12 28     499
1901 01 04     502
1901 01 11     596
1901 01 18     625
1901 01 25     566
1901 02 01     613
1901 02 08     598
1901 02 15     454
1901 02 22     495
1901 03 01     566
1901 03 08     522
1901 03 15     668
1901 03 22     807
1901 03 29     999
1901 04 05    1062
1901 04 12     958
1901 04 19    1011
1901 04 26    1046
1901 05 03     858
1901 05 10     728
1901 05 17     725
1901 05 24     737
1901 05 31     806
1901 06 07     851
1901 06 14     776
1901 06 21     795
1901 06 28     736
1901 07 05     689
1901 07 12     665
1901 07 19     636
1901 07 26     640
1901 08 02     666
1901 08 09     659
1901 08 16     582
1901 08 23     608
1901 08 30     650
1901 09 06     608
1901 09 13     619
1901 09 20     567
1901 09 27     587
1901 10 04     544
1901 10 11     495
1901 10 18     544
1901 10 25     568
1901 11 01     506
1901 11 08     486
1901 11 15     548
1901 11 22     625
1901 11 29     531
1901 12 06     585
1901 12 13     698
1901 12 20     807
1901 12 27     710
1902 01 03     572
1902 01 10     532
1902 01 17     601
1902 01 24     644
1902 01 31     630
1902 02 07     484
1902 02 14     543
1902 02 21     510
1902 02 28     565
1902 03 07     974
1902 03 14     924
1902 03 21     912
1902 03 28     795
1902 04 04     776
1902 04 11     789
1902 04 18     728
1902 04 25     671
1902 05 02     703
1902 05 09     712
1902 05 16     708
1902 05 23     664
1902 05 30     737
1902 06 06     711
1902 06 13     705
1902 06 20     730
1902 06 27     785
1902 07 04     906
1902 07 11     877
1902 07 18     772
1902 07 25     791
1902 08 01     767
1902 08 08     776
1902 08 15     643
1902 08 22     634
1902 08 29     664
1902 09 05     595
1902 09 12     595
1902 09 19     615
1902 09 26     610
1902 10 03     636
1902 10 10     640
1902 10 17     549
1902 10 24     583
1902 10 31     580
1902 11 07     622
1902 11 14     650
1902 11 21     609
1902 11 28     606
1902 12 05     550
1902 12 12     570
1902 12 19     578
1902 12 26     578
1903 01 02     608
1903 01 09     602
1903 01 16     513
1903 01 23     666
1903 01 30     529
1903 02 06     793
1903 02 13     754
1903 02 20     581
1903 02 27     756
1903 03 06     847
1903 03 13    1045
1903 03 20    1063
1903 03 27     950
1903 04 03     985
1903 04 10    1062
1903 04 17     856
1903 04 24     735
1903 05 01     831
1903 05 08     674
1903 05 15     765
1903 05 22     668
1903 05 29     711
1903 06 05     644
1903 06 12     740
1903 06 19     778
1903 06 26     781
1903 07 03     798
1903 07 10     731
1903 07 17     695
1903 07 24     707
1903 07 31     826
1903 08 07     701
1903 08 14     658
1903 08 21     568
1903 08 28     676
1903 09 04     704
1903 09 11     682
1903 09 18     595
1903 09 25     510
1903 10 02     593
1903 10 09     660
1903 10 16     721
1903 10 23     628
1903 10 30     567
1903 11 06     530
1903 11 13     550
1903 11 20     570
1903 11 27     587
1903 12 04     549
1903 12 11     505
1903 12 18     502
1903 12 25     520
1904 01 01     524
1904 01 08     456
1904 01 15     525
1904 01 22     564
1904 01 29     663
1904 02 05     695
1904 02 12     677
1904 02 19     700
1904 02 26     740
1904 03 04     710
1904 03 11     730
1904 03 18     820
1904 03 25     963
1904 04 01    1225
1904 04 08    1107
1904 04 15    1024
1904 04 22     997
1904 04 29     932
1904 05 06     965
1904 05 13     875
1904 05 20     905
1904 05 27     918
1904 06 03     922
1904 06 10     903
1904 06 17     808
1904 06 24     802
1904 07 01     804
1904 07 08     798
1904 07 15     799
1904 07 22     796
1904 07 29     717
1904 08 05     702
1904 08 12     697
1904 08 19     767
1904 08 26     745
1904 09 02     678
1904 09 09     740
1904 09 16     580
1904 09 23     579
1904 09 30     661
1904 10 07     744
1904 10 14     653
1904 10 21     628
1904 10 28     628
1904 11 04     602
1904 11 11     534
1904 11 18     526
1904 11 25     565
1904 12 02     491
1904 12 09     521
1904 12 16     560
1904 12 23     579
1904 12 30     477
1905 01 06     741
1905 01 13     575
1905 01 20     547
1905 01 27     576
1905 02 03     541
1905 02 10     483
1905 02 17     533
1905 02 24     610
1905 03 03     630
1905 03 10     642
1905 03 17     637
1905 03 24     760
1905 03 31     947
1905 04 07    1052
1905 04 14     898
1905 04 21     786
1905 04 28     736
1905 05 05     857
1905 05 12     834
1905 05 19     743
1905 05 26     763
1905 06 02     821
1905 06 09     826
1905 06 16     876
1905 06 23     879
1905 06 30     780
1905 07 07     867
1905 07 14     755
1905 07 21     733
1905 07 28     735
1905 08 04     739
1905 08 11     795
1905 08 18     771
1905 08 25     655
1905 09 01     685
1905 09 08     680
1905 09 15     693
1905 09 22     535
1905 09 29     540
1905 10 06     685
1905 10 13     697
1905 10 20     584
1905 10 27     612
1905 11 03     612
1905 11 10     557
1905 11 17     613
1905 11 24     653
1905 12 01     630
1905 12 08     650
1905 12 15     648
1905 12 22     596
1905 12 29     703
1906 01 05     765
1906 01 12     720
1906 01 19     688
1906 01 26     713
1906 02 02     713
1906 02 09     659
1906 02 16     630
1906 02 23     616
1906 03 02     670
1906 03 09     644
1906 03 16     648
1906 03 23     631
1906 03 30     752
1906 04 06     804
1906 04 13     872
1906 04 20     776
1906 04 27     730
1906 05 04     730
1906 05 11     745
1906 05 18     751
1906 05 25     718
1906 06 01     697
1906 06 08     813
1906 06 15     734
1906 06 22     770
1906 06 29     804
1906 07 06     732
1906 07 13     720
1906 07 20     715
1906 07 27     687
1906 08 03     670
1906 08 10     659
1906 08 17     608
1906 08 24     568
1906 08 31     561
1906 09 07     559
1906 09 14     628
1906 09 21     596
1906 09 28     555
1906 10 05     633
1906 10 12     635
1906 10 19     679
1906 10 26     718
1906 11 02     691
1906 11 09     663
1906 11 16     622
1906 11 23     696
1906 11 30     632
1906 12 07     652
1906 12 14     648
1906 12 21     654
1906 12 28     649
1907 01 04     854
1907 01 11     915
1907 01 18     770
1907 01 25     742
1907 02 01     706
1907 02 08     583
1907 02 15     667
1907 02 22     638
1907 03 01     680
1907 03 08     630
1907 03 15     684
1907 03 22     798
1907 03 29     983
1907 04 05     871
1907 04 12     780
1907 04 19     784
1907 04 26     805
1907 05 03     844
1907 05 10     861
1907 05 17     765
1907 05 24     771
1907 05 31     810
1907 06 07     813
1907 06 14     743
1907 06 21     759
1907 06 28     760
1907 07 05     716
1907 07 12     724
1907 07 19     740
1907 07 26     737
1907 08 02     727
1907 08 09     702
1907 08 16     690
1907 08 23     607
1907 08 30     636
1907 09 06     623
1907 09 13     618
1907 09 20     646
1907 09 27     692
1907 10 04     712
1907 10 11     685
1907 10 18     619
1907 10 25     609
1907 11 01     717
1907 11 08     785
1907 11 15     598
1907 11 22     759
1907 11 29     687
1907 12 06     595
1907 12 13     642
1907 12 20     697
1907 12 27     815
1908 01 03     829
1908 01 10     744
1908 01 17     721
1908 01 24     662
1908 01 31     661
1908 02 07     601
1908 02 14     739
1908 02 21     829
1908 02 28     817
1908 03 06     756
1908 03 13     798
1908 03 20     927
1908 03 27    1019
1908 04 03    1031
1908 04 10     965
1908 04 17     898
1908 04 24     916
1908 05 01     901
1908 05 08    1071
1908 05 15    1041
1908 05 22     999
1908 05 29     842
1908 06 05     815
1908 06 12     820
1908 06 19     843
1908 06 26     840
1908 07 03     763
1908 07 10     718
1908 07 17     796
1908 07 24     807
1908 07 31     729
1908 08 07     767
1908 08 14     726
1908 08 21     597
1908 08 28     574
1908 09 04     560
1908 09 11     569
1908 09 18     604
1908 09 25     624
1908 10 02     616
1908 10 09     562
1908 10 16     559
1908 10 23     628
1908 10 30     649
1908 11 06     519
1908 11 13     552
1908 11 20     514
1908 11 27     558
1908 12 04     555
1908 12 11     483
1908 12 18     480
1908 12 25     527
1909 01 01     527
1909 01 08     580
1909 01 15     625
1909 01 22     548
1909 01 29     668
1909 02 05     627
1909 02 12     648
1909 02 19     647
1909 02 26     779
1909 03 05     780
1909 03 12     678
1909 03 19     651
1909 03 26     703
1909 04 02     767
1909 04 09     856
1909 04 16     945
1909 04 23     922
1909 04 30     971
1909 05 07    1028
1909 05 14    1039
1909 05 21     975
1909 05 28     837
1909 06 04     791
1909 06 11     771
1909 06 18     722
1909 06 25     706
1909 07 02     722
1909 07 09     712
1909 07 16     752
1909 07 23     747
1909 07 30     760
1909 08 06     641
1909 08 13     677
1909 08 20     632
1909 08 27     651
1909 09 03     607
1909 09 10     525
1909 09 17     607
1909 09 24     649
1909 10 01     543
1909 10 08     522
1909 10 15     563
1909 10 22     542
1909 10 29     571
1909 11 05     574
1909 11 12     571
1909 11 19     578
1909 11 26     615
1909 12 03     620
1909 12 10     565
1909 12 17     547
1909 12 24     552
1909 12 31     614
1910 01 07     573
1910 01 14     562
1910 01 21     581
1910 01 28     645
1910 02 04     645
1910 02 11     630
1910 02 18     608
1910 02 25     623
1910 03 04     828
1910 03 11     885
1910 03 18     790
1910 03 25     778
1910 04 01     736
1910 04 08     854
1910 04 15     681
1910 04 22     806
1910 04 29     886
1910 05 06     952
1910 05 13     801
1910 05 20     766
1910 05 27     777
1910 06 03     759
1910 06 10     738
1910 06 17     735
1910 06 24     717
1910 07 01     635
1910 07 08     661
1910 07 15     657
1910 07 22     661
1910 07 29     655
1910 08 05     658
1910 08 12     637
1910 08 19     667
1910 08 26     665
1910 09 02     633
1910 09 09     665
1910 09 16     559
1910 09 23     550
1910 09 30     621
1910 10 07     666
1910 10 14     582
1910 10 21     558
1910 10 28     544
1910 11 04     544
1910 11 11     579
1910 11 18     582
1910 11 25     556
1910 12 02     604
1910 12 09     571
1910 12 16     533
1910 12 23     513
1910 12 30     512
1911 01 06     569
1911 01 13     593
1911 01 20     549
1911 01 27     591
1911 02 03     623
1911 02 10     628
1911 02 17     659
1911 02 24     653
1911 03 03     599
1911 03 10     584
1911 03 17     689
1911 03 24     672
1911 03 31     723
1911 04 07     768
1911 04 14     771
1911 04 21     818
1911 04 28     762
1911 05 05     767
1911 05 12     726
1911 05 19     683
1911 05 26     681
1911 06 02     693
1911 06 09     723
1911 06 16     716
1911 06 23     684
1911 06 30     681
1911 07 07     621
1911 07 14     618
1911 07 21     610
1911 07 28     540
1911 08 04     545
1911 08 11     588
1911 08 18     564
1911 08 25     514
1911 09 01     551
1911 09 08     598
1911 09 15     590
1911 09 22     537
1911 09 29     569
1911 10 06     581
1911 10 13     574
1911 10 20     558
1911 10 27     557
1911 11 03     552
1911 11 10     548
1911 11 17     557
1911 11 24     548
1911 12 01     601
1911 12 08     540
1911 12 15     698
1911 12 22     740
1911 12 29     632
1912 01 05     626
1912 01 12     589
1912 01 19     576
1912 01 26     602
1912 02 02     608
1912 02 09     564
1912 02 16     566
1912 02 23     654
1912 03 01     640
1912 03 08     560
1912 03 15     605
1912 03 22     753
1912 03 29     797
1912 04 05     949
1912 04 12    1018
1912 04 19    1042
1912 04 26    1005
1912 05 03     878
1912 05 10     804
1912 05 17     889
1912 05 24    1023
1912 05 31     999
1912 06 07     874
1912 06 14     808
1912 06 21     785
1912 06 28     720
1912 07 05     649
1912 07 12     671
1912 07 19     702
1912 07 26     680
1912 08 02     636
1912 08 09     611
1912 08 16     682
1912 08 23     677
1912 08 30     637
1912 09 06     631
1912 09 13     666
1912 09 20     702
1912 09 27     683
1912 10 04     644
1912 10 11     638
1912 10 18     651
1912 10 25     639
1912 11 01     617
1912 11 08     693
1912 11 15     719
1912 11 22     648
1912 11 29     694
1912 12 06     669
1912 12 13     651
1912 12 20     659
1912 12 27     669
1913 01 03     716
1913 01 10     793
1913 01 17     888
1913 01 24    1006
1913 01 31     937
1913 02 07     637
1913 02 14     463
1913 02 21     608
1913 02 28     717
1913 03 07     621
1913 03 14     792
1913 03 21     911
1913 03 28    1231
1913 04 04    1199
1913 04 11    1016
1913 04 18     905
1913 04 25     879
1913 05 02     890
1913 05 09     872
1913 05 16     833
1913 05 23     865
1913 05 30     869
1913 06 06     871
1913 06 13     800
1913 06 20     735
1913 06 27     763
1913 07 04     766
1913 07 11     747
1913 07 18     706
1913 07 25     645
1913 08 01     648
1913 08 08     728
1913 08 15     648
1913 08 22     675
1913 08 29     663
1913 09 05     602
1913 09 12     571
1913 09 19     599
1913 09 26     630
1913 10 03     614
1913 10 10     594
1913 10 17     621
1913 10 24     623
1913 10 31     646
1913 11 07     644
1913 11 14     662
1913 11 21     688
1913 11 28     663
1913 12 05     632
1913 12 12     591
1913 12 19     599
1913 12 26     628
1914 01 02     614
1914 01 09     560
1914 01 16     551
1914 01 23     648
1914 01 30     699
1914 02 06     717
1914 02 13     658
1914 02 20     585
1914 02 27     502
1914 03 06     649
1914 03 13     654
1914 03 20     689
1914 03 27     893
1914 04 03    1047
1914 04 10     997
1914 04 17     872
1914 04 24     963
1914 05 01     822
1914 05 08     908
1914 05 15     866
1914 05 22     770
1914 05 29     773
1914 06 05     768
1914 06 12     766
1914 06 19     740
1914 06 26     712
1914 07 03     701
1914 07 10     699
1914 07 17     681
1914 07 24     637
1914 07 31     601
1914 08 07     606
1914 08 14     703
1914 08 21     682
1914 08 28     675
1914 09 04     674
1914 09 11     656
1914 09 18     650
1914 09 25     626
1914 10 02     537
1914 10 09     600
1914 10 16     601
1914 10 23     592
1914 10 30     521
1914 11 06     549
1914 11 13     585
1914 11 20     528
1914 11 27     558
1914 12 04     584
1914 12 11     527
1914 12 18     476
1914 12 25     514
1915 01 01     578
1915 01 08     570
1915 01 15     644
1915 01 22     679
1915 01 29     683
1915 02 05     700
1915 02 12     668
1915 02 19     709
1915 02 26     796
1915 03 05     750
1915 03 12     669
1915 03 19     632
1915 03 26     648
1915 04 02     659
1915 04 09     653
1915 04 16     728
1915 04 23     684
1915 04 30     677
1915 05 07     665
1915 05 14     669
1915 05 21     663
1915 05 28     667
1915 06 04     663
1915 06 11     655
1915 06 18     650
1915 06 25     652
1915 07 02     655
1915 07 09     641
1915 07 16     647
1915 07 23     639
1915 07 30     642
1915 08 06     874
1915 08 13     766
1915 08 20     745
1915 08 27     682
1915 09 03     606
1915 09 10     618
1915 09 17     683
1915 09 24     622
1915 10 01     627
1915 10 08     603
1915 10 15     611
1915 10 22     610
1915 10 29     561
1915 11 05     483
1915 11 12     528
1915 11 19     569
1915 11 26     577
1915 12 03     562
1915 12 10     536
1915 12 17     582
1915 12 24     561
1915 12 31     703
1916 01 07     740
1916 01 14     744
1916 01 21     644
1916 01 28     738
1916 02 04     707
1916 02 11     667
1916 02 18     636
1916 02 25     649
1916 03 03     686
1916 03 10     677
1916 03 17     649
1916 03 24     692
1916 03 31     931
1916 04 07    1175
1916 04 14     914
1916 04 21     991
1916 04 28     930
1916 05 05     870
1916 05 12     888
1916 05 19     992
1916 05 26     983
1916 06 02     954
1916 06 09    1090
1916 06 16     914
1916 06 23    1006
1916 06 30     875
1916 07 07     821
1916 07 14     748
1916 07 21     723
1916 07 28     617
1916 08 04     652
1916 08 11     686
1916 08 18     631
1916 08 25     583
1916 09 01     560
1916 09 08     663
1916 09 15     561
1916 09 22     593
1916 09 29     555
1916 10 06     547
1916 10 13     584
1916 10 20     627
1916 10 27     586
1916 11 03     567
1916 11 10     608
1916 11 17     622
1916 11 24     574
1916 12 01     552
1916 12 08     556
1916 12 15     619
1916 12 22     601
1916 12 29     557
1917 01 05     613
1917 01 12     615
1917 01 19     580
1917 01 26     565
1917 02 02     593
1917 02 09     653
1917 02 16     628
1917 02 23     677
1917 03 02     657
1917 03 09     698
1917 03 16     808
1917 03 23     869
1917 03 30     980
1917 04 06    1083
1917 04 13    1006
1917 04 20     877
1917 04 27     813
1917 05 04     793
1917 05 11     745
1917 05 18     737
1917 05 25     803
1917 06 01     802
1917 06 08     929
1917 06 15     943
1917 06 22     908
1917 06 29     861
1917 07 06     863
1917 07 13     897
1917 07 20     858
1917 07 27     805
1917 08 03     747
1917 08 10     697
1917 08 17     680
1917 08 24     663
1917 08 31     723
1917 09 07     727
1917 09 14     607
1917 09 21     652
1917 09 28     683
1917 10 05     689
1917 10 12     656
1917 10 19     669
1917 10 26     803
1917 11 02     871
1917 11 09     682
1917 11 16     663
1917 11 23     729
1917 11 30     637
1917 12 07     714
1917 12 14     671
1917 12 21     675
1917 12 28     630
1918 01 04     596
1918 01 11     593
1918 01 18     596
1918 01 25     572
1918 02 01     548
1918 02 08     596
1918 02 15     752
1918 02 22     829
1918 03 01     871
1918 03 08     812
1918 03 15     912
1918 03 22     968
1918 03 29     924
1918 04 05     930
1918 04 12     915
1918 04 19     868
1918 04 26     831
1918 05 03     768
1918 05 10     746
1918 05 17     820
1918 05 24     755
1918 05 31     750
1918 06 07     795
1918 06 14     747
1918 06 21     743
1918 06 28     741
1918 07 05     757
1918 07 12     739
1918 07 19     697
1918 07 26     656
1918 08 02     638
1918 08 09     675
1918 08 16     718
1918 08 23     565
1918 08 30     595
1918 09 06     748
1918 09 13     702
1918 09 20     666
1918 09 27     634
1918 10 04     638
1918 10 11     674
1918 10 18     681
1918 10 25     696
1918 11 01     775
1918 11 08     701
1918 11 15     604
1918 11 22     724
1918 11 29     592
1918 12 06     645
1918 12 13     683
1918 12 20     726
1918 12 27     700
1919 01 03     701
1919 01 10     701
1919 01 17     620
1919 01 24     668
1919 01 31     627
1919 02 07     638
1919 02 14     686
1919 02 21     634
1919 02 28     665
1919 03 07     687
1919 03 14     777
1919 03 21     870
1919 03 28     791
1919 04 04     816
1919 04 11     872
1919 04 18     905
1919 04 25     933
1919 05 02     936
1919 05 09     955
1919 05 16     996
1919 05 23    1152
1919 05 30    1043
1919 06 06     927
1919 06 13     846
1919 06 20     753
1919 06 27     756
1919 07 04     768
1919 07 11     759
1919 07 18     736
1919 07 25     707
1919 08 01     686
1919 08 08     602
1919 08 15     688
1919 08 22     763
1919 08 29     649
1919 09 05     625
1919 09 12     615
1919 09 19     633
1919 09 26     630
1919 10 03     616
1919 10 10     623
1919 10 17     604
1919 10 24     636
1919 10 31     668
1919 11 07     709
1919 11 14     620
1919 11 21     596
1919 11 28     589
1919 12 05     614
1919 12 12     561
1919 12 19     577
1919 12 26     598
1920 01 02     545
1920 01 09     510
1920 01 16     548
1920 01 23     532
1920 01 30     583
1920 02 06     554
1920 02 13     628
1920 02 20     602
1920 02 27     516
1920 03 05     531
1920 03 12     725
1920 03 19     872
1920 03 26     881
1920 04 02     862
1920 04 09     789
1920 04 16     696
1920 04 23     738
1920 04 30     811
1920 05 07     764
1920 05 14     689
1920 05 21     709
1920 05 28     677
1920 06 04     681
1920 06 11     695
1920 06 18     717
1920 06 25     734
1920 07 02     713
1920 07 09     735
1920 07 16     736
1920 07 23     735
1920 07 30     698
1920 08 06     624
1920 08 13     670
1920 08 20     662
1920 08 27     644
1920 09 03     638
1920 09 10     647
1920 09 17     637
1920 09 24     560
1920 10 01     630
1920 10 08     663
1920 10 15     619
1920 10 22     612
1920 10 29     630
1920 11 05     636
1920 11 12     559
1920 11 19     611
1920 11 26     699
1920 12 03     732
1920 12 10     751
1920 12 17     725
1920 12 24     757
1920 12 31     677
1921 01 07     746
1921 01 14     634
1921 01 21     600
1921 01 28     574
1921 02 04     617
1921 02 11     660
1921 02 18     658
1921 02 25     657
1921 03 04     751
1921 03 11     849
1921 03 18     890
1921 03 25     885
1921 04 01     860
1921 04 08     868
1921 04 15     736
1921 04 22     918
1921 04 29     774
1921 05 06     872
1921 05 13     828
1921 05 20     739
1921 05 27     734
1921 06 03     732
1921 06 10     718
1921 06 17     728
1921 06 24     693
1921 07 01     646
1921 07 08     675
1921 07 15     671
1921 07 22     619
1921 07 29     607
1921 08 05     550
1921 08 12     601
1921 08 19     603
1921 08 26     555
1921 09 02     572
1921 09 09     622
1921 09 16     532
1921 09 23     520
1921 09 30     560
1921 10 07     593
1921 10 14     598
1921 10 21     595
1921 10 28     514
1921 11 04     547
1921 11 11     611
1921 11 18     656
1921 11 25     658
1921 12 02     599
1921 12 09     633
1921 12 16     547
1921 12 23     695
1921 12 30     535
1922 01 06     613
1922 01 13     603
1922 01 20     531
1922 01 27     499
1922 02 03     600
1922 02 10     692
1922 02 17     613
1922 02 24     654
1922 03 03     740
1922 03 10     772
1922 03 17     788
1922 03 24     757
1922 03 31     739
1922 04 07     972
1922 04 14    1060
1922 04 21    1087
1922 04 28     883
1922 05 05     831
1922 05 12     766
1922 05 19     784
1922 05 26     783
1922 06 02     720
1922 06 09     771
1922 06 16     874
1922 06 23     842
1922 06 30     814
1922 07 07     898
1922 07 14     740
1922 07 21     672
1922 07 28     629
1922 08 04     688
1922 08 11     686
1922 08 18     587
1922 08 25     566
1922 09 01     594
1922 09 08     623
1922 09 15     669
1922 09 22     629
1922 09 29     540
1922 10 06     585
1922 10 13     626
1922 10 20     565
1922 10 27     506
1922 11 03     518
1922 11 10     573
1922 11 17     572
1922 11 24     492
1922 12 01     517
1922 12 08     469
1922 12 15     508
1922 12 22     556
1922 12 29     516
1923 01 05     626
1923 01 12     642
1923 01 19     583
1923 01 26     543
1923 02 02     551
1923 02 09     609
1923 02 16     578
1923 02 23     538
1923 03 02     614
1923 03 09     772
1923 03 16     739
1923 03 23     781
1923 03 30     699
1923 04 06     847
1923 04 13     848
1923 04 20     725
1923 04 27     709
1923 05 04     714
1923 05 11     712
1923 05 18     794
1923 05 25     833
1923 06 01     734
1923 06 08     836
1923 06 15     807
1923 06 22     668
1923 06 29     698
1923 07 06     666
1923 07 13     649
1923 07 20     584
1923 07 27     552
1923 08 03     586
1923 08 10     621
1923 08 17     592
1923 08 24     614
1923 08 31     530
1923 09 07     610
1923 09 14     568
1923 09 21     562
1923 09 28     559
1923 10 05     549
1923 10 12     513
1923 10 19     511
1923 10 26     563
1923 11 02     597
1923 11 09     563
1923 11 16     526
1923 11 23     553
1923 11 30     639
1923 12 07     725
1923 12 14     648
1923 12 21     570
1923 12 28     597
1924 01 04     612
1924 01 11     679
1924 01 18     684
1924 01 25     586
1924 02 01     619
1924 02 08     651
1924 02 15     620
1924 02 22     639
1924 02 29     484
1924 03 07     664
1924 03 14     674
1924 03 21     644
1924 03 28     741
1924 04 04     821
1924 04 11     819
1924 04 18     839
1924 04 25     884
1924 05 02     805
1924 05 09     858
1924 05 16     952
1924 05 23     859
1924 05 30     763
1924 06 06     735
1924 06 13     696
1924 06 20     707
1924 06 27     717
1924 07 04     686
1924 07 11     679
1924 07 18     683
1924 07 25     671
1924 08 01     695
1924 08 08     660
1924 08 15     703
1924 08 22     564
1924 08 29     597
1924 09 05     562
1924 09 12     569
1924 09 19     559
1924 09 26     654
1924 10 03     728
1924 10 10     611
1924 10 17     561
1924 10 24     520
1924 10 31     504
1924 11 07     504
1924 11 14     580
1924 11 21     490
1924 11 28     459
1924 12 05     525
1924 12 12     556
1924 12 19     494
1924 12 26     442
1925 01 02     505
1925 01 09     637
1925 01 16     431
1925 01 23     533
1925 01 30     492
1925 02 06     592
1925 02 13     697
1925 02 20     684
1925 02 27     816
1925 03 06     834
1925 03 13     798
1925 03 20     865
1925 03 27     829
1925 04 03     763
1925 04 10     718
1925 04 17     701
1925 04 24     806
1925 05 01     625
1925 05 08     782
1925 05 15     600
1925 05 22     682
1925 05 29     605
1925 06 05     650
1925 06 12     644
1925 06 19     593
1925 06 26     589
1925 07 03     610
1925 07 10     591
1925 07 17     575
1925 07 24     624
1925 07 31     552
1925 08 07     640
1925 08 14     597
1925 08 21     475
1925 08 28     420
1925 09 04     550
1925 09 11     680
1925 09 18     631
1925 09 25     511
1925 10 02     499
1925 10 09     544
1925 10 16     465
1925 10 23     528
1925 10 30     577
1925 11 06     580
1925 11 13     669
1925 11 20     711
1925 11 27     621
1925 12 04     621
1925 12 11     640
1925 12 18     591
1925 12 25     536
1926 01 01     417
1926 01 08     406
1926 01 15     647
1926 01 22     495
1926 01 29     479
1926 02 05     530
1926 02 12     555
1926 02 19     533
1926 02 26     516
1926 03 05     579
1926 03 12     586
1926 03 19     611
1926 03 26     680
1926 04 02     776
1926 04 09     885
1926 04 16     889
1926 04 23     826
1926 04 30     851
1926 05 07     797
1926 05 14     721
1926 05 21     697
1926 05 28     615
1926 06 04     615
1926 06 11     660
1926 06 18     673
1926 06 25     652
1926 07 02     617
1926 07 09     555
1926 07 16     627
1926 07 23     586
1926 07 30     507
1926 08 06     659
1926 08 13     623
1926 08 20     594
1926 08 27     589
1926 09 03     607
1926 09 10     624
1926 09 17     608
1926 09 24     640
1926 10 01     676
1926 10 08     718
1926 10 15     496
1926 10 22     610
1926 10 29     736
1926 11 05     693
1926 11 12     672
1926 11 19     791
1926 11 26     803
1926 12 03     680
1926 12 10     649
1926 12 17     628
1926 12 24     588
1926 12 31     564
1927 01 07     580
1927 01 14     589
1927 01 21     595
1927 01 28     623
1927 02 04     584
1927 02 11     582
1927 02 18     610
1927 02 25     685
1927 03 04     697
1927 03 11     713
1927 03 18     843
1927 03 25     908
1927 04 01     835
1927 04 08     728
1927 04 15     631
1927 04 22     705
1927 04 29     664
1927 05 06     702
1927 05 13     733
1927 05 20     786
1927 05 27     801
1927 06 03     763
1927 06 10     703
1927 06 17     684
1927 06 24     709
1927 07 01     692
1927 07 08     600
1927 07 15     691
1927 07 22     695
1927 07 29     730
1927 08 05     612
1927 08 12     560
1927 08 19     525
1927 08 26     555
1927 09 02     616
1927 09 09     587
1927 09 16     563
1927 09 23     506
1927 09 30     553
1927 10 07     687
1927 10 14     609
1927 10 21     515
1927 10 28     530
1927 11 04     564
1927 11 11     581
1927 11 18     697
1927 11 25     855
1927 12 02     858
1927 12 09     830
1927 12 16     785
1927 12 23     810
1927 12 30     633
1928 01 06     896
1928 01 13     794
1928 01 20     681
1928 01 27     655
1928 02 03     649
1928 02 10     682
1928 02 17     732
1928 02 24     725
1928 03 02     675
1928 03 09     599
1928 03 16     733
1928 03 23     753
1928 03 30     867
1928 04 06     880
1928 04 13     903
1928 04 20     882
1928 04 27     829
1928 05 04     811
1928 05 11     795
1928 05 18     738
1928 05 25     702
1928 06 01     713
1928 06 08     786
1928 06 15     697
1928 06 22     771
1928 06 29     846
1928 07 06     753
1928 07 13     771
1928 07 20     720
1928 07 27     716
1928 08 03     737
1928 08 10     735
1928 08 17     697
1928 08 24     650
1928 08 31     648
1928 09 07     553
1928 09 14     611
1928 09 21     508
1928 09 28     596
1928 10 05     616
1928 10 12     601
1928 10 19     696
1928 10 26     692
1928 11 02     602
1928 11 09     634
1928 11 16     654
1928 11 23     794
1928 11 30     615
1928 12 07     707
1928 12 14     688
1928 12 21     698
1928 12 28     685
1929 01 04     601
1929 01 11     590
1929 01 18     784
1929 01 25     896
1929 02 01     728
1929 02 08     703
1929 02 15     653
1929 02 22     625
1929 03 01     697
1929 03 08     763
1929 03 15     896
1929 03 22    1011
1929 03 29     955
1929 04 05    1135
1929 04 12    1078
1929 04 19     998
1929 04 26    1015
1929 05 03    1043
1929 05 10    1061
1929 05 17    1011
1929 05 24     971
1929 05 31     902
1929 06 07     801
1929 06 14     800
1929 06 21     834
1929 06 28     834
1929 07 05     820
1929 07 12     795
1929 07 19     725
1929 07 26     760
1929 08 02     797
1929 08 09     658
1929 08 16     744
1929 08 23     628
1929 08 30     663
1929 09 06     661
1929 09 13     711
1929 09 20     641
1929 09 27     620
1929 10 04     681
1929 10 11     674
1929 10 18     610
1929 10 25     625
1929 11 01     676
1929 11 08     640
1929 11 15     684
1929 11 22     709
1929 11 29     683
1929 12 06     565
1929 12 13     635
1929 12 20     699
1929 12 27     697
1930 01 03     730
1930 01 10     871
1930 01 17    1006
1930 01 24     816
1930 01 31     748
1930 02 07     855
1930 02 14     760
1930 02 21     803
1930 02 28     894
1930 03 07     963
1930 03 14    1054
1930 03 21     934
1930 03 28     852
1930 04 04     897
1930 04 11     915
1930 04 18     865
1930 04 25     859
1930 05 02     861
1930 05 09     867
1930 05 16     827
1930 05 23     910
1930 05 30     861
1930 06 06     734
1930 06 13     811
1930 06 20     817
1930 06 27     833
1930 07 04     796
1930 07 11     772
1930 07 18     758
1930 07 25     677
1930 08 01     615
1930 08 08     651
1930 08 15     560
1930 08 22     597
1930 08 29     657
1930 09 05     605
1930 09 12     622
1930 09 19     620
1930 09 26     604
1930 10 03     590
1930 10 10     561
1930 10 17     572
1930 10 24     543
1930 10 31     510
1930 11 07     549
1930 11 14     588
1930 11 21     578
1930 11 28     588
1930 12 05     599
1930 12 12     573
1930 12 19     528
1930 12 26     517
1931 01 02     553
1931 01 09     615
1931 01 16     571
1931 01 23     565
1931 01 30     497
1931 02 06     575
1931 02 13     612
1931 02 20     573
1931 02 27     579
1931 03 06     633
1931 03 13     643
1931 03 20     654
1931 03 27     738
1931 04 03     785
1931 04 10     758
1931 04 17     735
1931 04 24     720
1931 05 01     676
1931 05 08     739
1931 05 15     728
1931 05 22     822
1931 05 29     791
1931 06 05     784
1931 06 12     734
1931 06 19     673
1931 06 26     637
1931 07 03     640
1931 07 10     664
1931 07 17     625
1931 07 24     612
1931 07 31     618
1931 08 07     534
1931 08 14     558
1931 08 21     560
1931 08 28     504
1931 09 04     569
1931 09 11     593
1931 09 18     557
1931 09 25     562
1931 10 02     525
1931 10 09     530
1931 10 16     528
1931 10 23     554
1931 10 30     498
1931 11 06     533
1931 11 13     546
1931 11 20     616
1931 11 27     555
1931 12 04     525
1931 12 11     557
1931 12 18     565
1931 12 25     583
1932 01 01     645
1932 01 08     737
1932 01 15     669
1932 01 22     842
1932 01 29     805
1932 02 05     695
1932 02 12     707
1932 02 19     787
1932 02 26     682
1932 03 04     657
1932 03 11     654
1932 03 18     644
1932 03 25     698
1932 04 01     781
1932 04 08     966
1932 04 15     960
1932 04 22     804
1932 04 29     770
1932 05 06     771
1932 05 13     796
1932 05 20     721
1932 05 27     708
1932 06 03     702
1932 06 10     673
1932 06 17     657
1932 06 24     624
1932 07 01     665
1932 07 08     689
1932 07 15     692
1932 07 22     551
1932 07 29     625
1932 08 05     675
1932 08 12     615
1932 08 19     576
1932 08 26     586
1932 09 02     556
1932 09 09     498
1932 09 16     527
1932 09 23     516
1932 09 30     497
1932 10 07     622
1932 10 14     513
1932 10 21     535
1932 10 28     521
1932 11 04     578
1932 11 11     654
1932 11 18     662
1932 11 25     597
1932 12 02     550
1932 12 09     580
1932 12 16     497
1932 12 23     551
1932 12 30     696
1933 01 06     642
1933 01 13     571
1933 01 20     607
1933 01 27     608
1933 02 03     570
1933 02 10     549
1933 02 17     568
1933 02 24     569
1933 03 03     559
1933 03 10     604
1933 03 17     705
1933 03 24     721
1933 03 31     683
1933 04 07     911
1933 04 14     940
1933 04 21     905
1933 04 28     754
1933 05 05     776
1933 05 12     783
1933 05 19     736
1933 05 26     698
1933 06 02     686
1933 06 09     703
1933 06 16     628
1933 06 23     620
1933 06 30     625
1933 07 07     603
1933 07 14     568
1933 07 21     555
1933 07 28     549
1933 08 04     524
1933 08 11     542
1933 08 18     589
1933 08 25     587
1933 09 01     573
1933 09 08     533
1933 09 15     455
1933 09 22     504
1933 09 29     548
1933 10 06     475
1933 10 13     480
1933 10 20     455
1933 10 27     441
1933 11 03     462
1933 11 10     477
1933 11 17     463
1933 11 24     515
1933 12 01     579
1933 12 08     547
1933 12 15     547
1933 12 22     507
1933 12 29     510
1934 01 05     681
1934 01 12     609
1934 01 19     558
1934 01 26     575
1934 02 02     555
1934 02 09     562
1934 02 16     515
1934 02 23     474
1934 03 02     489
1934 03 09     751
1934 03 16     584
1934 03 23     594
1934 03 30     696
1934 04 06     786
1934 04 13     801
1934 04 20     818
1934 04 27     724
1934 05 04     680
1934 05 11     645
1934 05 18     601
1934 05 25     609
1934 06 01     518
1934 06 08     541
1934 06 15     628
1934 06 22     680
1934 06 29     608
1934 07 06     537
1934 07 13     552
1934 07 20     494
1934 07 27     486
1934 08 03     481
1934 08 10     465
1934 08 17     489
1934 08 24     461
1934 08 31     335
1934 09 07     515
1934 09 14     626
1934 09 21     572
1934 09 28     555
1934 10 05     452
1934 10 12     407
1934 10 19     450
1934 10 26     441
1934 11 02     421
1934 11 09     505
1934 11 16     441
1934 11 23     613
1934 11 30     533
1934 12 07     493
1934 12 14     382
1934 12 21     518
1934 12 28     521
1935 01 04     511
1935 01 11     610
1935 01 18     683
1935 01 25     557
1935 02 01     443
1935 02 08     518
1935 02 15     530
1935 02 22     578
1935 03 01     528
1935 03 08     569
1935 03 15     663
1935 03 22     684
1935 03 29     680
1935 04 05     623
1935 04 12     608
1935 04 19     615
1935 04 26     619
1935 05 03     673
1935 05 10     726
1935 05 17     651
1935 05 24     572
1935 05 31     687
1935 06 07     640
1935 06 14     604
1935 06 21     800
1935 06 28     685
1935 07 05     615
1935 07 12     662
1935 07 19     621
1935 07 26     540
1935 08 02     512
1935 08 09     520
1935 08 16     545
1935 08 23     498
1935 08 30     399
1935 09 06     514
1935 09 13     529
1935 09 20     490
1935 09 27     471
1935 10 04     463
1935 10 11     462
1935 10 18     462
1935 10 25     470
1935 11 01     510
1935 11 08     592
1935 11 15     503
1935 11 22     484
1935 11 29     473
1935 12 06     503
1935 12 13     555
1935 12 20     568
1935 12 27     470
1936 01 03     453
1936 01 10     535
1936 01 17     531
1936 01 24     457
1936 01 31     446
1936 02 07     496
1936 02 14     511
1936 02 21     456
1936 02 28     567
1936 03 06     608
1936 03 13     835
1936 03 20    1089
1936 03 27    1103
1936 04 03    1014
1936 04 10     899
1936 04 17     802
1936 04 24     827
1936 05 01     721
1936 05 08     727
1936 05 15     690
1936 05 22     593
1936 05 29     611
1936 06 05     637
1936 06 12     617
1936 06 19     596
1936 06 26     575
1936 07 03     540
1936 07 10     544
1936 07 17     545
1936 07 24     484
1936 07 31     519
1936 08 07     432
1936 08 14     497
1936 08 21     536
1936 08 28     536
1936 09 04     512
1936 09 11     532
1936 09 18     545
1936 09 25     508
1936 10 02     551
1936 10 09     557
1936 10 16     452
1936 10 23     564
1936 10 30     508
1936 11 06     638
1936 11 13     585
1936 11 20     450
1936 11 27     457
1936 12 04     495
1936 12 11     494
1936 12 18     507
1936 12 25     546
1937 01 01     594
1937 01 08     661
1937 01 15     768
1937 01 22     823
1937 01 29     748
1937 02 05     679
1937 02 12     636
1937 02 19     649
1937 02 26     703
1937 03 05     685
1937 03 12     625
1937 03 19     604
1937 03 26     596
1937 04 02     622
1937 04 09     750
1937 04 16     754
1937 04 23     905
1937 04 30     874
1937 05 07     813
1937 05 14     735
1937 05 21     846
1937 05 28     779
1937 06 04     711
1937 06 11     691
1937 06 18     730
1937 06 25     750
1937 07 02     673
1937 07 09     629
1937 07 16     626
1937 07 23     631
1937 07 30     620
1937 08 06     631
1937 08 13     660
1937 08 20     576
1937 08 27     585
1937 09 03     581
1937 09 10     521
1937 09 17     492
1937 09 24     474
1937 10 01     547
1937 10 08     540
1937 10 15     437
1937 10 22     648
1937 10 29     658
1937 11 05     558
1937 11 12     651
1937 11 19     623
1937 11 26     541
1937 12 03     570
1937 12 10     547
1937 12 17     512
1937 12 24     619
1937 12 31     459
1938 01 07     530
1938 01 14     599
1938 01 21     566
1938 01 28     570
1938 02 04     697
1938 02 11     791
1938 02 18     757
1938 02 25     692
1938 03 04     707
1938 03 11     688
1938 03 18     723
1938 03 25     877
1938 04 01     879
1938 04 08     766
1938 04 15     772
1938 04 22     834
1938 04 29     755
1938 05 06     714
1938 05 13     700
1938 05 20     698
1938 05 27     704
1938 06 03     684
1938 06 10     665
1938 06 17     687
1938 06 24     648
1938 07 01     611
1938 07 08     588
1938 07 15     672
1938 07 22     673
1938 07 29     672
1938 08 05     677
1938 08 12     645
1938 08 19     620
1938 08 26     560
1938 09 02     491
1938 09 09     540
1938 09 16     658
1938 09 23     686
1938 09 30     652
1938 10 07     517
1938 10 14     583
1938 10 21     545
1938 10 28     498
1938 11 04     511
1938 11 11     541
1938 11 18     561
1938 11 25     551
1938 12 02     523
1938 12 09     577
1938 12 16     516
1938 12 23     454
1938 12 30     556
1939 01 06     560
1939 01 13     573
1939 01 20     534
1939 01 27     557
1939 02 03     578
1939 02 10     567
1939 02 17     606
1939 02 24     684
1939 03 03     731
1939 03 10     732
1939 03 17     689
1939 03 24     679
1939 03 31     876
1939 04 07     886
1939 04 14     877
1939 04 21     961
1939 04 28     895
1939 05 05     805
1939 05 12     743
1939 05 19     713
1939 05 26     710
1939 06 02     691
1939 06 09     657
1939 06 16     685
1939 06 23     652
1939 06 30     692
1939 07 07     684
1939 07 14     643
1939 07 21     523
1939 07 28     624
1939 08 04     621
1939 08 11     639
1939 08 18     653
1939 08 25     559
1939 09 01     524
1939 09 08     515
1939 09 15     508
1939 09 22     455
1939 09 29     567
1939 10 06     585
1939 10 13     569
1939 10 20     494
1939 10 27     492
1939 11 03     529
1939 11 10     510
1939 11 17     436
1939 11 24     503
1939 12 01     504
1939 12 08     554
1939 12 15     505
1939 12 22     540
1939 12 29     470
1940 01 05     534
1940 01 12     552
1940 01 19     515
1940 01 26     471
1940 02 02     460
1940 02 09     537
1940 02 16     572
1940 02 23     523
1940 03 01     561
1940 03 08     647
1940 03 15     560
1940 03 22     558
1940 03 29     566
1940 04 05     947
1940 04 12    1004
1940 04 19     954
1940 04 26     895
1940 05 03     804
1940 05 10     788
1940 05 17     736
1940 05 24     781
1940 05 31     860
1940 06 07     727
1940 06 14     726
1940 06 21     695
1940 06 28     738
1940 07 05     695
1940 07 12     647
1940 07 19     681
1940 07 26     701
1940 08 02     640
1940 08 09     558
1940 08 16     578
1940 08 23     483
1940 08 30     572
1940 09 06     562
1940 09 13     554
1940 09 20     553
1940 09 27     603
1940 10 04     609
1940 10 11     566
1940 10 18     516
1940 10 25     485
1940 11 01     505
1940 11 08     639
1940 11 15     553
1940 11 22     596
1940 11 29     592
1940 12 06     613
1940 12 13     568
1940 12 20     641
1940 12 27     763
1941 01 03     768
1941 01 10     670
1941 01 17     605
1941 01 24     583
1941 01 31     675
1941 02 07     603
1941 02 14     626
1941 02 21     616
1941 02 28     532
1941 03 07     622
1941 03 14     674
1941 03 21     561
1941 03 28     637
1941 04 04     770
1941 04 11     810
1941 04 18     773
1941 04 25     739
1941 05 02     643
1941 05 09     637
1941 05 16     597
1941 05 23     629
1941 05 30     630
1941 06 06     620
1941 06 13     584
1941 06 20     599
1941 06 27     614
1941 07 04     604
1941 07 11     592
1941 07 18     565
1941 07 25     571
1941 08 01     644
1941 08 08     541
1941 08 15     484
1941 08 22     518
1941 08 29     512
1941 09 05     579
1941 09 12     576
1941 09 19     499
1941 09 26     472
1941 10 03     508
1941 10 10     533
1941 10 17     545
1941 10 24     566
1941 10 31     482
1941 11 07     630
1941 11 14     525
1941 11 21     525
1941 11 28     518
1941 12 05     544
1941 12 12     517
1941 12 19     522
1941 12 26     590
1942 01 02     621
1942 01 09     552
1942 01 16     503
1942 01 23     537
1942 01 30     525
1942 02 06     678
1942 02 13     568
1942 02 20     564
1942 02 27     533
1942 03 06     655
1942 03 13     854
1942 03 20    1040
1942 03 27     917
1942 04 03     840
1942 04 10     896
1942 04 17     842
1942 04 24     778
1942 05 01     739
1942 05 08     742
1942 05 15     749
1942 05 22     832
1942 05 29     841
1942 06 05     810
1942 06 12     750
1942 06 19     686
1942 06 26     667
1942 07 03     663
1942 07 10     652
1942 07 17     659
1942 07 24     686
1942 07 31     686
1942 08 07     647
1942 08 14     640
1942 08 21     590
1942 08 28     546
1942 09 04     583
1942 09 11     636
1942 09 18     616
1942 09 25     574
1942 10 02     589
1942 10 09     564
1942 10 16     570
1942 10 23     581
1942 10 30     626
1942 11 06     638
1942 11 13     617
1942 11 20     634
1942 11 27     681
1942 12 04     618
1942 12 11     576
1942 12 18     598
1942 12 25     669
1943 01 01     870
1943 01 08     742
1943 01 15     684
1943 01 22     647
1943 01 29     706
1943 02 05     669
1943 02 12     742
1943 02 19     665
1943 02 26     759
1943 03 05     749
1943 03 12     719
1943 03 19     873
1943 03 26     964
1943 04 02     906
1943 04 09     844
1943 04 16     794
1943 04 23     868
1943 04 30     924
1943 05 07    1023
1943 05 14    1109
1943 05 21    1167
1943 05 28    1160
1943 06 04    1052
1943 06 11     940
1943 06 18     871
1943 06 25     830
1943 07 02     795
1943 07 09     781
1943 07 16     742
1943 07 23     777
1943 07 30     729
1943 08 06     727
1943 08 13     787
1943 08 20     746
1943 08 27     665
1943 09 03     671
1943 09 10     699
1943 09 17     601
1943 09 24     596
1943 10 01     615
1943 10 08     572
1943 10 15     610
1943 10 22     675
1943 10 29     767
1943 11 05     743
1943 11 12     691
1943 11 19     645
1943 11 26     651
1943 12 03     646
1943 12 10     599
1943 12 17     559
1943 12 24     522
1943 12 31     530
1944 01 07     619
1944 01 14     509
1944 01 21     591
1944 01 28     604
1944 02 04     576
1944 02 11     617
1944 02 18     632
1944 02 25     652
1944 03 03     638
1944 03 10     600
1944 03 17     693
1944 03 24     778
1944 03 31     862
1944 04 07     668
1944 04 14    1013
1944 04 21     884
1944 04 28     889
1944 05 05     887
1944 05 12     883
1944 05 19     843
1944 05 26     788
1944 06 02     755
1944 06 09     752
1944 06 16     800
1944 06 23     831
1944 06 30     831
1944 07 07     647
1944 07 14     685
1944 07 21     691
1944 07 28     686
1944 08 04     607
1944 08 11     605
1944 08 18     636
1944 08 25     575
1944 09 01     578
1944 09 08     648
1944 09 15     605
1944 09 22     647
1944 09 29     558
1944 10 06     539
1944 10 13     564
1944 10 20     544
1944 10 27     520
1944 11 03     512
1944 11 10     539
1944 11 17     582
1944 11 24     551
1944 12 01     605
1944 12 08     520
1944 12 15     734
1944 12 22     510
1944 12 29     558
1945 01 05     552
1945 01 12     583
1945 01 19     618
1945 01 26     596
1945 02 02     568
1945 02 09     578
1945 02 16     560
1945 02 23     622
1945 03 02     737
1945 03 09     859
1945 03 16     821
1945 03 23    1034
1945 03 30     978
1945 04 06     973
1945 04 13     836
1945 04 20     772
1945 04 27     844
1945 05 04     915
1945 05 11     894
1945 05 18     930
1945 05 25     986
1945 06 01     868
1945 06 08     831
1945 06 15     788
1945 06 22     838
1945 06 29     811
1945 07 06     750
1945 07 13     767
1945 07 20     775
1945 07 27     745
1945 08 03     706
1945 08 10     682
1945 08 17     649
1945 08 24     589
1945 08 31     648
1945 09 07     604
1945 09 14     669
1945 09 21     763
1945 09 28     813
1945 10 05     916
1945 10 12     833
1945 10 19     724
1945 10 26     720
1945 11 02     727
1945 11 09     702
1945 11 16     703
1945 11 23     719
1945 11 30     773
1945 12 07     774
1945 12 14     726
1945 12 21     604
1945 12 28     721
1946 01 04     719
1946 01 11     731
1946 01 18     738
1946 01 25     625
1946 02 01     579
1946 02 08     737
1946 02 15     658
1946 02 22     696
1946 03 01     663
1946 03 08     931
1946 03 15     869
1946 03 22     778
1946 03 29     710
1946 04 05     710
1946 04 12     687
1946 04 19     662
1946 04 26     676
1946 05 03     701
1946 05 10     703
1946 05 17     753
1946 05 24     864
1946 05 31     754
1946 06 07     788
1946 06 14     762
1946 06 21     753
1946 06 28     725
1946 07 05     703
1946 07 12     694
1946 07 19     686
1946 07 26     643
1946 08 02     603
1946 08 09     640
1946 08 16     661
1946 08 23     610
1946 08 30     559
1946 09 06     525
1946 09 13     611
1946 09 20     642
1946 09 27     636
1946 10 04     557
1946 10 11     590
1946 10 18     674
1946 10 25     650
1946 11 01     709
1946 11 08     670
1946 11 15     567
1946 11 22     605
1946 11 29     601
1946 12 06     555
1946 12 13     566
1946 12 20     608
1946 12 27     644
1947 01 03     635
1947 01 10     625
1947 01 17     673
1947 01 24     692
1947 01 31     925
1947 02 07     802
1947 02 14     574
1947 02 21     638
1947 02 28     620
1947 03 07     714
1947 03 14     664
1947 03 21     700
1947 03 28     883
1947 04 04    1049
1947 04 11    1058
1947 04 18     986
1947 04 25     978
1947 05 02     948
1947 05 09     987
1947 05 16     898
1947 05 23     998
1947 05 30    1016
1947 06 06    1290
1947 06 13    1133
1947 06 20     935
1947 06 27     836
1947 07 04     784
1947 07 11     781
1947 07 18     824
1947 07 25     887
1947 08 01     882
1947 08 08     657
1947 08 15     651
1947 08 22     780
1947 08 29     692
1947 09 05     702
1947 09 12     680
1947 09 19     625
1947 09 26     581
1947 10 03     568
1947 10 10     601
1947 10 17     612
1947 10 24     575
1947 10 31     604
1947 11 07     638
1947 11 14     665
1947 11 21     591
1947 11 28     585
1947 12 05     613
1947 12 12     656
1947 12 19     620
1947 12 26     564
1948 01 02     603
1948 01 09     718
1948 01 16     578
1948 01 23     535
1948 01 30     558
1948 02 06     594
1948 02 13     601
1948 02 20     673
1948 02 27     756
1948 03 05     728
1948 03 12     675
1948 03 19     949
1948 03 26    1125
1948 04 02    1013
1948 04 09     907
1948 04 16     939
1948 04 23     862
1948 04 30     821
1948 05 07     874
1948 05 14     886
1948 05 21     927
1948 05 28     847
1948 06 04     807
1948 06 11     802
1948 06 18     787
1948 06 25     766
1948 07 02     753
1948 07 09     728
1948 07 16     660
1948 07 23     681
1948 07 30     717
1948 08 06     606
1948 08 13     642
1948 08 20     662
1948 08 27     632
1948 09 03     608
1948 09 10     590
1948 09 17     556
1948 09 24     575
1948 10 01     537
1948 10 08     564
1948 10 15     619
1948 10 22     594
1948 10 29     552
1948 11 05     633
1948 11 12     635
1948 11 19     659
1948 11 26     645
1948 12 03     586
1948 12 10     571
1948 12 17     534
1948 12 24     572
1948 12 31     538
1949 01 07     735
1949 01 14     670
1949 01 21     712
1949 01 28     676
1949 02 04     665
1949 02 11     678
1949 02 18     784
1949 02 25     770
1949 03 04     718
1949 03 11     711
1949 03 18     709
1949 03 25     747
1949 04 01     784
1949 04 08     900
1949 04 15     725
1949 04 22     856
1949 04 29     751
1949 05 06     779
1949 05 13     690
1949 05 20     714
1949 05 27     684
1949 06 03     640
1949 06 10     651
1949 06 17     683
1949 06 24     674
1949 07 01     627
1949 07 08     613
1949 07 15     598
1949 07 22     589
1949 07 29     580
1949 08 05     519
1949 08 12     542
1949 08 19     491
1949 08 26     495
1949 09 02     587
1949 09 09     583
1949 09 16     546
1949 09 23     567
1949 09 30     531
1949 10 07     578
1949 10 14     581
1949 10 21     528
1949 10 28     484
1949 11 04     461
1949 11 11     488
1949 11 18     550
1949 11 25     548
1949 12 02     497
1949 12 09     508
1949 12 16     555
1949 12 23     753
1949 12 30     671
1950 01 06     784
1950 01 13     725
1950 01 20     717
1950 01 27     791
1950 02 03     744
1950 02 10     691
1950 02 17     771
1950 02 24     703
1950 03 03     652
1950 03 10     647
1950 03 17     674
1950 03 24     875
1950 03 31    1030
1950 04 07    1246
1950 04 14     956
1950 04 21     869
1950 04 28     845
1950 05 05     785
1950 05 12     790
1950 05 19     783
1950 05 26     742
1950 06 02     725
1950 06 09     754
1950 06 16     746
1950 06 23     711
1950 06 30     751
1950 07 07     639
1950 07 14     679
1950 07 21     652
1950 07 28     706
1950 08 04     677
1950 08 11     601
1950 08 18     582
1950 08 25     661
1950 09 01     720
1950 09 08     535
1950 09 15     688
1950 09 22     559
1950 09 29     504
1950 10 06     575
1950 10 13     707
1950 10 20     635
1950 10 27     580
1950 11 03     630
1950 11 10     666
1950 11 17     601
1950 11 24     699
1950 12 01     729
1950 12 08     782
1950 12 15     788
1950 12 22     656
1950 12 29     629
1951 01 05     712
1951 01 12     756
1951 01 19     734
1951 01 26     700
1951 02 02     689
1951 02 09     690
1951 02 16     739
1951 02 23     903
1951 03 02     864
1951 03 09     930
1951 03 16     866
1951 03 23     880
1951 03 30    1017
1951 04 06    1077
1951 04 13    1124
1951 04 20    1023
1951 04 27    1018
1951 05 04     928
1951 05 11     860
1951 05 18     850
1951 05 25     795
1951 06 01     787
1951 06 08     782
1951 06 15     868
1951 06 22     792
1951 06 29     792
1951 07 06     858
1951 07 13     807
1951 07 20     779
1951 07 27     723
1951 08 03     639
1951 08 10     619
1951 08 17     677
1951 08 24     606
1951 08 31     685
1951 09 07     629
1951 09 14     709
1951 09 21     637
1951 09 28     582
1951 10 05     620
1951 10 12     617
1951 10 19     591
1951 10 26     595
1951 11 02     620
1951 11 09     661
1951 11 16     734
1951 11 23     657
1951 11 30     697
1951 12 07     746
1951 12 14     721
1951 12 21     677
1951 12 28     728
1952 01 04     765
1952 01 11     779
1952 01 18     820
1952 01 25     847
1952 02 01     810
1952 02 08     890
1952 02 15     797
1952 02 22     815
1952 02 29     701
1952 03 07     843
1952 03 14     935
1952 03 21     955
1952 03 28     903
1952 04 04    1063
1952 04 11    1098
1952 04 18     947
1952 04 25     927
1952 05 02     894
1952 05 09     820
1952 05 16     940
1952 05 23    1039
1952 05 30     952
1952 06 06     842
1952 06 13     827
1952 06 20     765
1952 06 27     786
1952 07 04     762
1952 07 11     733
1952 07 18     769
1952 07 25     749
1952 08 01     651
1952 08 08     684
1952 08 15     715
1952 08 22     663
1952 08 29     655
1952 09 05     616
1952 09 12     645
1952 09 19     726
1952 09 26     705
1952 10 03     622
1952 10 10     615
1952 10 17     582
1952 10 24     510
1952 10 31     574
1952 11 07     562
1952 11 14     609
1952 11 21     727
1952 11 28     666
1952 12 05     638
1952 12 12     690
1952 12 19     738
1952 12 26     689
1953 01 02     624
1953 01 09     653
1953 01 16     671
1953 01 23     828
1953 01 30     639
1953 02 06     686
1953 02 13     688
1953 02 20     683
1953 02 27     681
1953 03 06     737
1953 03 13     731
1953 03 20     787
1953 03 27     989
1953 04 03     984
1953 04 10     799
1953 04 17     799
1953 04 24     794
1953 05 01     795
1953 05 08     971
1953 05 15     885
1953 05 22    1030
1953 05 29     886
1953 06 05     831
1953 06 12     796
1953 06 19     751
1953 06 26     733
1953 07 03     721
1953 07 10     687
1953 07 17     674
1953 07 24     729
1953 07 31     724
1953 08 07     674
1953 08 14     701
1953 08 21     588
1953 08 28     663
1953 09 04     672
1953 09 11     622
1953 09 18     625
1953 09 25     651
1953 10 02     564
1953 10 09     534
1953 10 16     572
1953 10 23     605
1953 10 30     579
1953 11 06     460
1953 11 13     600
1953 11 20     630
1953 11 27     634
1953 12 04     638
1953 12 11     648
1953 12 18     650
1953 12 25     606
1954 01 01     567
1954 01 08     583
1954 01 15     536
1954 01 22     593
1954 01 29     682
1954 02 05     623
1954 02 12     593
1954 02 19     911
1954 02 26     961
1954 03 05     917
1954 03 12     807
1954 03 19     749
1954 03 26     829
1954 04 02     916
1954 04 09     917
1954 04 16     920
1954 04 23    1096
1954 04 30    1019
1954 05 07    1033
1954 05 14     886
1954 05 21     786
1954 05 28     775
1954 06 04     790
1954 06 11     783
1954 06 18     783
1954 06 25     804
1954 07 02     728
1954 07 09     628
1954 07 16     677
1954 07 23     587
1954 07 30     662
1954 08 06     652
1954 08 13     580
1954 08 20     616
1954 08 27     685
1954 09 03     681
1954 09 10     633
1954 09 17     639
1954 09 24     650
1954 10 01     661
1954 10 08     665
1954 10 15     749
1954 10 22     774
1954 10 29     707
1954 11 05     729
1954 11 12     682
1954 11 19     681
1954 11 26     779
1954 12 03     737
1954 12 10     614
1954 12 17     722
1954 12 24     703
1954 12 31     783
1955 01 07     942
1955 01 14     726
1955 01 21     640
1955 01 28     640
1955 02 04     672
1955 02 11     604
1955 02 18     665
1955 02 25     771
1955 03 04     855
1955 03 11     934
1955 03 18     991
1955 03 25    1000
1955 04 01     958
1955 04 08    1056
1955 04 15     927
1955 04 22     988
1955 04 29     895
1955 05 06     836
1955 05 13     784
1955 05 20     754
1955 05 27     803
1955 06 03     799
1955 06 10     746
1955 06 17     748
1955 06 24     713
1955 07 01     682
1955 07 08     701
1955 07 15     660
1955 07 22     617
1955 07 29     644
1955 08 05     597
1955 08 12     772
1955 08 19     731
1955 08 26     606
1955 09 02     609
1955 09 09     566
1955 09 16     587
1955 09 23     550
1955 09 30     619
1955 10 07     698
1955 10 14     739
1955 10 21     904
1955 10 28     834
1955 11 04     716
1955 11 11     678
1955 11 18     642
1955 11 25     579
1955 12 02     631
1955 12 09     647
1955 12 16     620
1955 12 23     540
1955 12 30     513
1956 01 06     599
1956 01 13     636
1956 01 20     598
1956 01 27     572
1956 02 03     570
1956 02 10     610
1956 02 17     643
1956 02 24     607
1956 03 02     679
1956 03 09     894
1956 03 16     807
1956 03 23     755
1956 03 30     708
1956 04 06     975
1956 04 13     960
1956 04 20     981
1956 04 27     967
1956 05 04     993
1956 05 11    1036
1956 05 18     980
1956 05 25     895
1956 06 01     887
1956 06 08     872
1956 06 15     803
1956 06 22     665
1956 06 29     738
1956 07 06     720
1956 07 13     734
1956 07 20     730
1956 07 27     675
1956 08 03     647
1956 08 10     669
1956 08 17     679
1956 08 24     668
1956 08 31     816
1956 09 07     733
1956 09 14     587
1956 09 21     608
1956 09 28     601
1956 10 05     616
1956 10 12     594
1956 10 19     568
1956 10 26     585
1956 11 02     611
1956 11 09     601
1956 11 16     521
1956 11 23     572
1956 11 30     553
1956 12 07     675
1956 12 14     631
1956 12 21     591
1956 12 28     633
1957 01 04     579
1957 01 11     513
1957 01 18     572
1957 01 25     704
1957 02 01     761
1957 02 08     630
1957 02 15     606
1957 02 22     623
1957 03 01     747
1957 03 08     670
1957 03 15     751
1957 03 22     807
1957 03 29     686
1957 04 05     749
1957 04 12     760
1957 04 19     750
1957 04 26     787
1957 05 03     743
1957 05 10     670
1957 05 17     811
1957 05 24     868
1957 05 31     739
1957 06 07     717
1957 06 14     694
1957 06 21     701
1957 06 28     852
1957 07 05     783
1957 07 12     719
1957 07 19     665
1957 07 26     644
1957 08 02     648
1957 08 09     615
1957 08 16     578
1957 08 23     492
1957 08 30     542
1957 09 06     643
1957 09 13     592
1957 09 20     671
1957 09 27     584
1957 10 04     465
1957 10 11     477
1957 10 18     524
1957 10 25     527
1957 11 01     525
1957 11 08     572
1957 11 15     613
1957 11 22     474
1957 11 29     634
1957 12 06     475
1957 12 13     551
1957 12 20     726
1957 12 27     771
1958 01 03     654
1958 01 10     513
1958 01 17     553
1958 01 24     629
1958 01 31     672
1958 02 07     594
1958 02 14     502
1958 02 21     536
1958 02 28     725
1958 03 07     717
1958 03 14     634
1958 03 21     693
1958 03 28     731
1958 04 04     796
1958 04 11     784
1958 04 18     737
1958 04 25     763
1958 05 02     730
1958 05 09     684
1958 05 16     689
1958 05 23     698
1958 05 30     639
1958 06 06     678
1958 06 13     731
1958 06 20     601
1958 06 27     630
1958 07 04     615
1958 07 11     599
1958 07 18     639
1958 07 25     612
1958 08 01     609
1958 08 08     612
1958 08 15     571
1958 08 22     519
1958 08 29     581
1958 09 05     585
1958 09 12     585
1958 09 19     682
1958 09 26     659
1958 10 03     508
1958 10 10     493
1958 10 17     552
1958 10 24     571
1958 10 31     505
1958 11 07     559
1958 11 14     613
1958 11 21     547
1958 11 28     526
1958 12 05     522
1958 12 12     513
1958 12 19     510
1958 12 26     535
1959 01 02     535
1959 01 09     468
1959 01 16     527
1959 01 23     621
1959 01 30     678
1959 02 06     592
1959 02 13     701
1959 02 20     590
1959 02 27     667
1959 03 06     729
1959 03 13     667
1959 03 20     746
1959 03 27     817
1959 04 03     975
1959 04 10    1091
1959 04 17     891
1959 04 24     816
1959 05 01     862
1959 05 08     740
1959 05 15     753
1959 05 22     786
1959 05 29     768
1959 06 05     713
1959 06 12     662
1959 06 19     641
1959 06 26     658
1959 07 03     713
1959 07 10     714
1959 07 17     600
1959 07 24     589
1959 07 31     542
1959 08 07     500
1959 08 14     579
1959 08 21     519
1959 08 28     560
1959 09 04     554
1959 09 11     490
1959 09 18     440
1959 09 25     486
1959 10 02     628
1959 10 09     695
1959 10 16     456
1959 10 23     477
1959 10 30     598
1959 11 06     589
1959 11 13     588
1959 11 20     582
1959 11 27     583
1959 12 04     655
1959 12 11     725
1959 12 18     708
1959 12 25     678
1960 01 01     729
1960 01 08     597
1960 01 15     715
1960 01 22     626
1960 01 29     628
1960 02 05     652
1960 02 12     742
1960 02 19     752
1960 02 26     722
1960 03 04     670
1960 03 11     612
1960 03 18     607
1960 03 25     675
1960 04 01     818
1960 04 08    1166
1960 04 15     924
1960 04 22    1105
1960 04 29     955
1960 05 06     883
1960 05 13     879
1960 05 20     870
1960 05 27     851
1960 06 03     817
1960 06 10     789
1960 06 17     780
1960 06 24     752
1960 07 01     746
1960 07 08     631
1960 07 15     646
1960 07 22     667
1960 07 29     641
1960 08 05     630
1960 08 12     625
1960 08 19     638
1960 08 26     615
1960 09 02     562
1960 09 09     533
1960 09 16     508
1960 09 23     543
1960 09 30     584
1960 10 07     503
1960 10 14     546
1960 10 21     530
1960 10 28     569
1960 11 04     533
1960 11 11     534
1960 11 18     579
1960 11 25     547
1960 12 02     500
1960 12 09     498
1960 12 16     448
1960 12 23     482
1960 12 30     520
1961 01 06     538
1961 01 13     518
1961 01 20     478
1961 01 27     472
1961 02 03     487
1961 02 10     508
1961 02 17     539
1961 02 24     707
1961 03 03     865
1961 03 10     798
1961 03 17     720
1961 03 24     710
1961 03 31     742
1961 04 07     691
1961 04 14     851
1961 04 21     877
1961 04 28     878
1961 05 05     871
1961 05 12     840
1961 05 19     815
1961 05 26     799
1961 06 02     795
1961 06 09     821
1961 06 16     770
1961 06 23     801
1961 06 30     730
1961 07 07     734
1961 07 14     702
1961 07 21     646
1961 07 28     627
1961 08 04     621
1961 08 11     607
1961 08 18     585
1961 08 25     603
1961 09 01     660
1961 09 08     632
1961 09 15     598
1961 09 22     518
1961 09 29     541
1961 10 06     561
1961 10 13     534
1961 10 20     493
1961 10 27     501
1961 11 03     515
1961 11 10     536
1961 11 17     599
1961 11 24     612
1961 12 01     530
1961 12 08     605
1961 12 15     538
1961 12 22     595
1961 12 29     477
1962 01 05     496
1962 01 12     552
1962 01 19     553
1962 01 26     550
1962 02 02     560
1962 02 09     545
1962 02 16     604
1962 02 23     609
1962 03 02     607
1962 03 09     577
1962 03 16     716
1962 03 23     734
1962 03 30     801
1962 04 06     862
1962 04 13     844
1962 04 20     772
1962 04 27     738
1962 05 04     738
1962 05 11     703
1962 05 18     670
1962 05 25     688
1962 06 01     646
1962 06 08     616
1962 06 15     628
1962 06 22     644
1962 06 29     605
1962 07 06     521
1962 07 13     566
1962 07 20     577
1962 07 27     587
1962 08 03     638
1962 08 10     658
1962 08 17     555
1962 08 24     518
1962 08 31     578
1962 09 07     437
1962 09 14     544
1962 09 21     529
1962 09 28     595
1962 10 05     647
1962 10 12     587
1962 10 19     550
1962 10 26     517
1962 11 02     474
1962 11 09     533
1962 11 16     652
1962 11 23     534
1962 11 30     595
1962 12 07     624
1962 12 14     549
1962 12 21     503
1962 12 28     469
1963 01 04     481
1963 01 11     483
1963 01 18     449
1963 01 25     457
1963 02 01     525
1963 02 08     501
1963 02 15     494
1963 02 22     465
1963 03 01     520
1963 03 08     564
1963 03 15     617
1963 03 22     669
1963 03 29     899
1963 04 05     923
1963 04 12     797
1963 04 19     794
1963 04 26     801
1963 05 03     730
1963 05 10     738
1963 05 17     746
1963 05 24     745
1963 05 31     663
1963 06 07     610
1963 06 14     603
1963 06 21     587
1963 06 28     575
1963 07 05     547
1963 07 12     540
1963 07 19     564
1963 07 26     557
1963 08 02     548
1963 08 09     611
1963 08 16     616
1963 08 23     497
1963 08 30     501
1963 09 06     477
1963 09 13     472
1963 09 20     450
1963 09 27     463
1963 10 04     468
1963 10 11     457
1963 10 18     473
1963 10 25     472
1963 11 01     424
1963 11 08     526
1963 11 15     508
1963 11 22     557
1963 11 29     564
1963 12 06     524
1963 12 13     485
1963 12 20     467
1963 12 27     489
1964 01 03     497
1964 01 10     461
1964 01 17     442
1964 01 24     550
1964 01 31     575
1964 02 07     558
1964 02 14     522
1964 02 21     467
1964 02 28     401
1964 03 06     642
1964 03 13     713
1964 03 20     674
1964 03 27     690
1964 04 03     734
1964 04 10     745
1964 04 17     720
1964 04 24     742
1964 05 01     718
1964 05 08     660
1964 05 15     693
1964 05 22     661
1964 05 29     654
1964 06 05     633
1964 06 12     609
1964 06 19     576
1964 06 26     561
1964 07 03     555
1964 07 10     564
1964 07 17     584
1964 07 24     502
1964 07 31     462
1964 08 07     429
1964 08 14     504
1964 08 21     609
1964 08 28     545
1964 09 04     463
1964 09 11     428
1964 09 18     430
1964 09 25     431
1964 10 02     425
1964 10 09     402
1964 10 16     408
1964 10 23     439
1964 10 30     417
1964 11 06     428
1964 11 13     453
1964 11 20     421
1964 11 27     446
1964 12 04     459
1964 12 11     459
1964 12 18     474
1964 12 25     487
1965 01 01     532
1965 01 08     521
1965 01 15     495
1965 01 22     496
1965 01 29     462
1965 02 05     520
1965 02 12     679
1965 02 19     584
1965 02 26     588
1965 03 05     661
1965 03 12     641
1965 03 19     636
1965 03 26     626
1965 04 02     598
1965 04 09     654
1965 04 16     800
1965 04 23     838
1965 04 30     715
1965 05 07     734
1965 05 14     635
1965 05 21     634
1965 05 28     619
1965 06 04     592
1965 06 11     570
1965 06 18     572
1965 06 25     611
1965 07 02     661
1965 07 09     630
1965 07 16     538
1965 07 23     494
1965 07 30     460
1965 08 06     565
1965 08 13     558
1965 08 20     542
1965 08 27     512
1965 09 03     533
1965 09 10     571
1965 09 17     537
1965 09 24     545
1965 10 01     471
1965 10 08     509
1965 10 15     534
1965 10 22     566
1965 10 29     482
1965 11 05     533
1965 11 12     578
1965 11 19     655
1965 11 26     663
1965 12 03     618
1965 12 10     628
1965 12 17     625
1965 12 24     613
1965 12 31     657
1966 01 07     612
1966 01 14     540
1966 01 21     601
1966 01 28     537
1966 02 04     543
1966 02 11     631
1966 02 18     622
1966 02 25     626
1966 03 04     770
1966 03 11     802
1966 03 18     748
1966 03 25     766
1966 04 01     748
1966 04 08     683
1966 04 15     653
1966 04 22     700
1966 04 29     679
1966 05 06     631
1966 05 13     661
1966 05 20     703
1966 05 27     677
1966 06 03     653
1966 06 10     671
1966 06 17     688
1966 06 24     651
1966 07 01     602
1966 07 08     594
1966 07 15     512
1966 07 22     545
1966 07 29     538
1966 08 05     530
1966 08 12     564
1966 08 19     591
1966 08 26     566
1966 09 02     539
1966 09 09     541
1966 09 16     495
1966 09 23     603
1966 09 30     480
1966 10 07     496
1966 10 14     525
1966 10 21     456
1966 10 28     452
1966 11 04     535
1966 11 11     602
1966 11 18     573
1966 11 25     567
1966 12 02     668
1966 12 09     675
1966 12 16     741
1966 12 23     621
1966 12 30     562
1967 01 06     575
1967 01 13     585
1967 01 20     551
1967 01 27     666
1967 02 03     702
1967 02 10     596
1967 02 17     566
1967 02 24     551
1967 03 03     548
1967 03 10     584
1967 03 17     625
1967 03 24     646
1967 03 31     750
1967 04 07     940
1967 04 14     790
1967 04 21     770
1967 04 28     721
1967 05 05     749
1967 05 12     772
1967 05 19     781
1967 05 26     738
1967 06 02     678
1967 06 09     688
1967 06 16     697
1967 06 23     737
1967 06 30     703
1967 07 07     649
1967 07 14     669
1967 07 21     617
1967 07 28     627
1967 08 04     640
1967 08 11     629
1967 08 18     583
1967 08 25     555
1967 09 01     566
1967 09 08     546
1967 09 15     542
1967 09 22     616
1967 09 29     673
1967 10 06     589
1967 10 13     561
1967 10 20     716
1967 10 27     722
1967 11 03     700
1967 11 10     732
1967 11 17     741
1967 11 24     730
1967 12 01     682
1967 12 08     656
1967 12 15     669
1967 12 22     756
1967 12 29     680
1968 01 05     616
1968 01 12     645
1968 01 19     636
1968 01 26     656
1968 02 02     740
1968 02 09     732
1968 02 16     608
1968 02 23     597
1968 03 01     632
1968 03 08     592
1968 03 15     741
1968 03 22     930
1968 03 29     935
1968 04 05     931
1968 04 12     828
1968 04 19     722
1968 04 26     694
1968 05 03     692
1968 05 10     718
1968 05 17     781
1968 05 24     816
1968 05 31     790
1968 06 07     741
1968 06 14     733
1968 06 21     700
1968 06 28     820
1968 07 05     773
1968 07 12     684
1968 07 19     665
1968 07 26     648
1968 08 02     639
1968 08 09     694
1968 08 16     594
1968 08 23     708
1968 08 30     568
1968 09 06     668
1968 09 13     717
1968 09 20     662
1968 09 27     578
1968 10 04     575
1968 10 11     604
1968 10 18     594
1968 10 25     582
1968 11 01     589
1968 11 08     675
1968 11 15     630
1968 11 22     702
1968 11 29     869
1968 12 06     811
1968 12 13     673
1968 12 20     650
1968 12 27     696
1969 01 03     673
1969 01 10     616
1969 01 17     659
1969 01 24     739
1969 01 31     869
1969 02 07     743
1969 02 14     658
1969 02 21     680
1969 02 28     667
1969 03 07     595
1969 03 14     625
1969 03 21     756
1969 03 28     888
1969 04 04     919
1969 04 11     903
1969 04 18     966
1969 04 25    1016
1969 05 02     882
1969 05 09     844
1969 05 16     885
1969 05 23    1012
1969 05 30     874
1969 06 06     886
1969 06 13     848
1969 06 20     823
1969 06 27     836
1969 07 04     785
1969 07 11     756
1969 07 18     727
1969 07 25     708
1969 08 01     822
1969 08 08     725
1969 08 15     662
1969 08 22     662
1969 08 29     622
1969 09 05     618
1969 09 12     613
1969 09 19     607
1969 09 26     587
1969 10 03     579
1969 10 10     604
1969 10 17     619
1969 10 24     630
1969 10 31     606
1969 11 07     713
1969 11 14     670
1969 11 21     673
1969 11 28     639
1969 12 05     647
1969 12 12     723
1969 12 19     693
1969 12 26     626
1970 01 02     599
1970 01 09     564
1970 01 16     634
1970 01 23     604
1970 01 30     638
1970 02 06     694
1970 02 13     759
1970 02 20     648
1970 02 27     654
1970 03 06     697
1970 03 13     676
1970 03 20     741
1970 03 27     807
1970 04 03     883
1970 04 10     911
1970 04 17     849
1970 04 24     917
1970 05 01     852
1970 05 08     783
1970 05 15     815
1970 05 22     834
1970 05 29     774
1970 06 05     725
1970 06 12     691
1970 06 19     723
1970 06 26     784
1970 07 03     769
1970 07 10     719
1970 07 17     766
1970 07 24     753
1970 07 31     712
1970 08 07     640
1970 08 14     640
1970 08 21     620
1970 08 28     607
1970 09 04     604
1970 09 11     607
1970 09 18     637
1970 09 25     679
1970 10 02     669
1970 10 09     635
1970 10 16     705
1970 10 23     655
1970 10 30     740
1970 11 06     600
1970 11 13     721
1970 11 20     678
1970 11 27     732
1970 12 04     769
1970 12 11     744
1970 12 18     748
1970 12 25     727
1971 01 01     667
1971 01 08     636
1971 01 15     665
1971 01 22     544
1971 01 29     607
1971 02 05     661
1971 02 12     762
1971 02 19     732
1971 02 26     758
1971 03 05     840
1971 03 12     848
1971 03 19     891
1971 03 26     868
1971 04 02     819
1971 04 09     921
1971 04 16     997
1971 04 23     998
1971 04 30     912
1971 05 07     936
1971 05 14     885
1971 05 21     819
1971 05 28     765
1971 06 04     762
1971 06 11     759
1971 06 18     733
1971 06 25     742
1971 07 02     762
1971 07 09     682
1971 07 16     643
1971 07 23     674
1971 07 30     684
1971 08 06     620
1971 08 13     610
1971 08 20     686
1971 08 27     754
1971 09 03     723
1971 09 10     662
1971 09 17     692
1971 09 24     641
1971 10 01     618
1971 10 08     631
1971 10 15     661
1971 10 22     642
1971 10 29     677
1971 11 05     590
1971 11 12     591
1971 11 19     628
1971 11 26     660
1971 12 03     672
1971 12 10     681
1971 12 17     750
1971 12 24     701
1971 12 31     737
1972 01 07     632
1972 01 14     644
1972 01 21     719
1972 01 28     688
1972 02 04     695
1972 02 11     694
1972 02 18     690
1972 02 25     681
1972 03 03     712
1972 03 10     781
1972 03 17     831
1972 03 24     883
1972 03 31     850
1972 04 07     884
1972 04 14    1002
1972 04 21    1121
1972 04 28     989
1972 05 05    1038
1972 05 12     992
1972 05 19     904
1972 05 26     881
1972 06 02     860
1972 06 09     826
1972 06 16     815
1972 06 23     995
1972 06 30    1003
1972 07 07     896
1972 07 14     933
1972 07 21     874
1972 07 28     782
1972 08 04     798
1972 08 11     788
1972 08 18     739
1972 08 25     740
1972 09 01     706
1972 09 08     698
1972 09 15     667
1972 09 22     616
1972 09 29     762
1972 10 06     725
1972 10 13     662
1972 10 20     673
1972 10 27     715
1972 11 03     799
1972 11 10     879
1972 11 17     832
1972 11 24     749
1972 12 01     878
1972 12 08     886
1972 12 15     985
1972 12 22     803
1972 12 29     910
1973 01 05     880
1973 01 12     787
1973 01 19     812
1973 01 26     874
1973 02 02     902
1973 02 09     928
1973 02 16     809
1973 02 23     756
1973 03 02     795
1973 03 09     964
1973 03 16    1059
1973 03 23    1197
1973 03 30    1006
1973 04 06    1259
1973 04 13    1078
1973 04 20     957
1973 04 27     968
1973 05 04     969
1973 05 11     948
1973 05 18     950
1973 05 25     971
1973 06 01     987
1973 06 08     970
1973 06 15     888
1973 06 22     874
1973 06 29     944
1973 07 06     825
1973 07 13     796
1973 07 20     740
1973 07 27     779
1973 08 03     804
1973 08 10     768
1973 08 17     737
1973 08 24     714
1973 08 31     732
1973 09 07     686
1973 09 14     632
1973 09 21     746
1973 09 28     730
1973 10 05     760
1973 10 12     736
1973 10 19     685
1973 10 26     737
1973 11 02     771
1973 11 09     650
1973 11 16     781
1973 11 23     773
1973 11 30     801
1973 12 07     784
1973 12 14     830
1973 12 21     762
1973 12 28     900
1974 01 04     858
1974 01 11     770
1974 01 18     788
1974 01 25     862
1974 02 01     924
1974 02 08     826
1974 02 15     758
1974 02 22     812
1974 03 01     873
1974 03 08    1028
1974 03 15     883
1974 03 22     856
1974 03 29     905
1974 04 05    1082
1974 04 12    1088
1974 04 19    1046
1974 04 26    1008
1974 05 03     940
1974 05 10     982
1974 05 17    1115
1974 05 24    1084
1974 05 31     947
1974 06 07     847
1974 06 14     908
1974 06 21     935
1974 06 28     893
1974 07 05     916
1974 07 12     863
1974 07 19     755
1974 07 26     766
1974 08 02     829
1974 08 09     804
1974 08 16     743
1974 08 23     725
1974 08 30     683
1974 09 06     674
1974 09 13     718
1974 09 20     669
1974 09 27     682
1974 10 04     675
1974 10 11     691
1974 10 18     680
1974 10 25     613
1974 11 01     688
1974 11 08     729
1974 11 15     688
1974 11 22     841
1974 11 29     787
1974 12 06     788
1974 12 13     833
1974 12 20     793
1974 12 27     752
1975 01 03     758
1975 01 10     786
1975 01 17     769
1975 01 24     729
1975 01 31     855
1975 02 07     729
1975 02 14     719
1975 02 21     782
1975 02 28     945
1975 03 07     876
1975 03 14     832
1975 03 21    1071
1975 03 28    1014
1975 04 04     978
1975 04 11     929
1975 04 18     928
1975 04 25     990
1975 05 02     945
1975 05 09     975
1975 05 16     867
1975 05 23     812
1975 05 30     864
1975 06 06     906
1975 06 13     947
1975 06 20     881
1975 06 27     801
1975 07 04     731
1975 07 11     697
1975 07 18     725
1975 07 25     753
1975 08 01     691
1975 08 08     674
1975 08 15     722
1975 08 22     650
1975 08 29     812
1975 09 05     697
1975 09 12     683
1975 09 19     759
1975 09 26     840
1975 10 03     828
1975 10 10     740
1975 10 17     778
1975 10 24     777
1975 10 31     686
1975 11 07     757
1975 11 14     757
1975 11 21     718
1975 11 28     719
1975 12 05     736
1975 12 12     807
1975 12 19     779
1975 12 26     745
1976 01 02     749
1976 01 09     700
1976 01 16     771
1976 01 23     692
1976 01 30     792
1976 02 06     683
1976 02 13     757
1976 02 20     986
1976 02 27    1032
1976 03 05    1171
1976 03 12    1097
1976 03 19    1040
1976 03 26    1122
1976 04 02    1161
1976 04 09    1059
1976 04 16     940
1976 04 23    1012
1976 04 30    1077
1976 05 07    1058
1976 05 14     983
1976 05 21    1096
1976 05 28    1027
1976 06 04     933
1976 06 11     889
1976 06 18     915
1976 06 25     976
1976 07 02     981
1976 07 09     840
1976 07 16     895
1976 07 23     847
1976 07 30     892
1976 08 06     788
1976 08 13     828
1976 08 20     732
1976 08 27     719
1976 09 03     708
1976 09 10     683
1976 09 17     740
1976 09 24     729
1976 10 01     737
1976 10 08     734
1976 10 15     791
1976 10 22     732
1976 10 29     721
1976 11 05     720
1976 11 12     673
1976 11 19     612
1976 11 26     637
1976 12 03     691
1976 12 10     661
1976 12 17     617
1976 12 24     655
1976 12 31     642
1977 01 07     605
1977 01 14     609
1977 01 21     553
1977 01 28     528
1977 02 04     565
1977 02 11     610
1977 02 18     611
1977 02 25     646
1977 03 04     759
1977 03 11     923
1977 03 18    1060
1977 03 25    1022
1977 04 01     927
1977 04 08     944
1977 04 15     840
1977 04 22     911
1977 04 29     895
1977 05 06     817
1977 05 13     775
1977 05 20     760
1977 05 27     736
1977 06 03     718
1977 06 10     710
1977 06 17     711
1977 06 24     760
1977 07 01     764
1977 07 08     774
1977 07 15     714
1977 07 22     662
1977 07 29     675
1977 08 05     746
1977 08 12     750
1977 08 19     732
1977 08 26     724
1977 09 02     690
1977 09 09     646
1977 09 16     754
1977 09 23     829
1977 09 30     904
1977 10 07     878
1977 10 14     794
1977 10 21     753
1977 10 28     706
1977 11 04     806
1977 11 11     831
1977 11 18     793
1977 11 25     846
1977 12 02     832
1977 12 09     848
1977 12 16     878
1977 12 23     953
1977 12 30     846
1978 01 06     807
1978 01 13     803
1978 01 20     827
1978 01 27     869
1978 02 03     853
1978 02 10     762
1978 02 17     699
1978 02 24     694
1978 03 03     687
1978 03 10     689
1978 03 17     814
1978 03 24     951
1978 03 31    1065
1978 04 07    1133
1978 04 14    1055
1978 04 21    1093
1978 04 28     978
1978 05 05     901
1978 05 12     931
1978 05 19     907
1978 05 26     842
1978 06 02     803
1978 06 09     787
1978 06 16     768
1978 06 23     763
1978 06 30     757
1978 07 07     680
1978 07 14     677
1978 07 21     669
1978 07 28     668
1978 08 04     688
1978 08 11     706
1978 08 18     701
1978 08 25     672
1978 09 01     623
1978 09 08     572
1978 09 15     724
1978 09 22     733
1978 09 29     627
1978 10 06     604
1978 10 13     637
1978 10 20     619
1978 10 27     617
1978 11 03     622
1978 11 10     622
1978 11 17     638
1978 11 24     650
1978 12 01     594
1978 12 08     708
1978 12 15     568
1978 12 22     654
1978 12 29     727
1979 01 05     753
1979 01 12     736
1979 01 19     749
1979 01 26     787
1979 02 02     763
1979 02 09     644
1979 02 16     616
1979 02 23     667
1979 03 02     838
1979 03 09     983
1979 03 16     929
1979 03 23     932
1979 03 30    1007
1979 04 06    1103
1979 04 13    1078
1979 04 20     949
1979 04 27     913
1979 05 04     894
1979 05 11     853
1979 05 18     817
1979 05 25     835
1979 06 01     890
1979 06 08     790
1979 06 15     816
1979 06 22     718
1979 06 29     774
1979 07 06     699
1979 07 13     713
1979 07 20     683
1979 07 27     721
1979 08 03     748
1979 08 10     700
1979 08 17     641
1979 08 24     704
1979 08 31     777
1979 09 07     697
1979 09 14     886
1979 09 21     690
1979 09 28     668
1979 10 05     743
1979 10 12     731
1979 10 19     734
1979 10 26     712
1979 11 02     652
1979 11 09     670
1979 11 16     751
1979 11 23     756
1979 11 30     804
1979 12 07     731
1979 12 14     751
1979 12 21     727
1979 12 28     918
1980 01 04     798
1980 01 11     709
1980 01 18     749
1980 01 25     697
1980 02 01     685
1980 02 08     628
1980 02 15     638
1980 02 22     674
1980 02 29     640
1980 03 07     657
1980 03 14     718
1980 03 21    1078
1980 03 28    1068
1980 04 04    1026
1980 04 11    1051
1980 04 18    1043
1980 04 25     983
1980 05 02     973
1980 05 09     862
1980 05 16     820
1980 05 23     848
1980 05 30     768
1980 06 06     840
1980 06 13     820
1980 06 20     817
1980 06 27     823
1980 07 04     771
1980 07 11     739
1980 07 18     811
1980 07 25     869
1980 08 01     809
1980 08 08     769
1980 08 15     709
1980 08 22     665
1980 08 29     689
1980 09 05     734
1980 09 12     707
1980 09 19     681
1980 09 26     665
1980 10 03     652
1980 10 10     658
1980 10 17     630
1980 10 24     651
1980 10 31     787
1980 11 07     734
1980 11 14     720
1980 11 21     679
1980 11 28     734
1980 12 05     809
1980 12 12     800
1980 12 19     693
1980 12 26     640
1981 01 02     633
1981 01 09     585
1981 01 16     632
1981 01 23     586
1981 01 30     600
1981 02 06     616
1981 02 13     725
1981 02 20     988
1981 02 27    1079
1981 03 06     902
1981 03 13     762
1981 03 20     723
1981 03 27     746
1981 04 03     757
1981 04 10     760
1981 04 17     787
1981 04 24     798
1981 05 01     798
1981 05 08     755
1981 05 15     841
1981 05 22     782
1981 05 29     805
1981 06 05     758
1981 06 12     774
1981 06 19     823
1981 06 26     814
1981 07 03     766
1981 07 10     736
1981 07 17     709
1981 07 24     734
1981 07 31     784
1981 08 07     765
1981 08 14     809
1981 08 21     664
1981 08 28     680
1981 09 04     829
1981 09 11     842
1981 09 18     728
1981 09 25     726
1981 10 02     721
1981 10 09     730
1981 10 16     728
1981 10 23     738
1981 10 30     916
1981 11 06     829
1981 11 13     775
1981 11 20     830
1981 11 27     802
1981 12 04     720
1981 12 11     692
1981 12 18     688
1981 12 25     697
1982 01 01     732
1982 01 08     705
1982 01 15     668
1982 01 22     644
1982 01 29     674
1982 02 05     665
1982 02 12     688
1982 02 19     719
1982 02 26     657
1982 03 05     679
1982 03 12     780
1982 03 19     939
1982 03 26    1002
1982 04 02    1013
1982 04 09    1060
1982 04 16     947
1982 04 23     990
1982 04 30     917
1982 05 07     877
1982 05 14     815
1982 05 21     826
1982 05 28     841
1982 06 04     915
1982 06 11     919
1982 06 18     846
1982 06 25     847
1982 07 02     835
1982 07 09     729
1982 07 16     734
1982 07 23     687
1982 07 30     667
1982 08 06     686
1982 08 13     640
1982 08 20     641
1982 08 27     697
1982 09 03     686
1982 09 10     642
1982 09 17     685
1982 09 24     700
1982 10 01     743
1982 10 08     669
1982 10 15     624
1982 10 22     565
1982 10 29     612
1982 11 05     767
1982 11 12     762
1982 11 19     725
1982 11 26     745
1982 12 03     772
1982 12 10     764
1982 12 17     737
1982 12 24     808
1982 12 31     850
1983 01 07     731
1983 01 14     790
1983 01 21     689
1983 01 28     669
1983 02 04     789
1983 02 11     742
1983 02 18     687
1983 02 25     719
1983 03 04     751
1983 03 11     763
1983 03 18     792
1983 03 25     833
1983 04 01     792
1983 04 08     859
1983 04 15     950
1983 04 22     946
1983 04 29     972
1983 05 06    1086
1983 05 13     983
1983 05 20     968
1983 05 27     941
1983 06 03     879
1983 06 10     820
1983 06 17     766
1983 06 24     740
1983 07 01     734
1983 07 08     718
1983 07 15     685
1983 07 22     654
1983 07 29     754
1983 08 05     759
1983 08 12     735
1983 08 19     713
1983 08 26     717
1983 09 02     706
1983 09 09     641
1983 09 16     623
1983 09 23     675
1983 09 30     655
1983 10 07     706
1983 10 14     690
1983 10 21     632
1983 10 28     605
1983 11 04     655
1983 11 11     748
1983 11 18     796
1983 11 25     744
1983 12 02     733
1983 12 09     882
1983 12 16     973
1983 12 23     835
1983 12 30     746
1984 01 06     753
1984 01 13     735
1984 01 20     664
1984 01 27     676
1984 02 03     702
1984 02 10     766
1984 02 17     928
1984 02 24    1022
1984 03 02     956
1984 03 09     803
1984 03 16     790
1984 03 23     871
1984 03 30     934
1984 04 06    1101
1984 04 13    1072
1984 04 20    1054
1984 04 27    1044
1984 05 04    1011
1984 05 11     974
1984 05 18     958
1984 05 25     973
1984 06 01     963
1984 06 08     878
1984 06 15     846
1984 06 22     891
1984 06 29     867
1984 07 06     800
1984 07 13     798
1984 07 20     760
1984 07 27     710
1984 08 03     715
1984 08 10     784
1984 08 17     807
1984 08 24     694
1984 08 31     709
1984 09 07     633
1984 09 14     793
1984 09 21     691
1984 09 28     689
1984 10 05     624
1984 10 12     649
1984 10 19     690
1984 10 26     686
1984 11 02     677
1984 11 09     672
1984 11 16     690
1984 11 23     626
1984 11 30     741
1984 12 07     661
1984 12 14     756
1984 12 21     731
1984 12 28     851
1985 01 04     890
1985 01 11     792
1985 01 18     691
1985 01 25     716
1985 02 01     723
1985 02 08     699
1985 02 15     683
1985 02 22     768
1985 03 01    1091
1985 03 08    1065
1985 03 15    1048
1985 03 22     925
1985 03 29    1013
1985 04 05    1051
1985 04 12     997
1985 04 19     937
1985 04 26     884
1985 05 03     861
1985 05 10     895
1985 05 17     857
1985 05 24     851
1985 05 31     889
1985 06 07     804
1985 06 14     860
1985 06 21     860
1985 06 28     812
1985 07 05     801
1985 07 12     816
1985 07 19     776
1985 07 26     731
1985 08 02     714
1985 08 09     706
1985 08 16     716
1985 08 23     676
1985 08 30     755
1985 09 06     838
1985 09 13     719
1985 09 20     706
1985 09 27     718
1985 10 04     689
1985 10 11     708
1985 10 18     770
1985 10 25     756
1985 11 01     722
1985 11 08     980
1985 11 15    1000
1985 11 22     948
1985 11 29     930
1985 12 06     849
1985 12 13     846
1985 12 20     834
1985 12 27     761
1986 01 03     721
1986 01 10     733
1986 01 17     811
1986 01 24     991
1986 01 31     857
1986 02 07     907
1986 02 14     744
1986 02 21     914
1986 02 28     805
1986 03 07     858
1986 03 14    1015
1986 03 21    1121
1986 03 28    1068
1986 04 04    1053
1986 04 11    1041
1986 04 18    1030
1986 04 25    1021
1986 05 02     913
1986 05 09     843
1986 05 16     922
1986 05 23    1061
1986 05 30     924
1986 06 06     932
1986 06 13     997
1986 06 20    1009
1986 06 27     946
1986 07 04     892
1986 07 11     908
1986 07 18     913
1986 07 25     884
1986 08 01     904
1986 08 08     889
1986 08 15     902
1986 08 22     794
1986 08 29     787
1986 09 05     755
1986 09 12     874
1986 09 19     948
1986 09 26    1000
1986 10 03    1030
1986 10 10     937
1986 10 17     903
1986 10 24     883
1986 10 31     916
1986 11 07     874
1986 11 14     757
1986 11 21     842
1986 11 28     929
1986 12 05    1040
1986 12 12     946
1986 12 19     876
1986 12 26     947
1987 01 02     971
1987 01 09     865
1987 01 16     898
1987 01 23     758
1987 01 30     820
1987 02 06     800
1987 02 13     775
1987 02 20     745
1987 02 27     798
1987 03 06     926
1987 03 13     890
1987 03 20     847
1987 03 27     965
1987 04 03    1129
1987 04 10    1174
1987 04 17    1019
1987 04 24     921
1987 05 01     874
1987 05 08     826
1987 05 15     875
1987 05 22     788
1987 05 29     806
1987 06 05     848
1987 06 12     865
1987 06 19     820
1987 06 26     819
1987 07 03     835
1987 07 10     805
1987 07 17     803
1987 07 24     733
1987 07 31     636
1987 08 07     693
1987 08 14     725
1987 08 21     616
1987 08 28     603
1987 09 04     680
1987 09 11     748
1987 09 18     779
1987 09 25     775
1987 10 02     695
1987 10 09     651
1987 10 16     641
1987 10 23     653
1987 10 30     678
1987 11 06     672
1987 11 13     677
1987 11 20     653
1987 11 27     811
1987 12 04     839
1987 12 11     789
1987 12 18     796
1987 12 25     751
1988 01 01     696
1988 01 08     627
1988 01 15     617
1988 01 22     734
1988 01 29     684
1988 02 05     721
1988 02 12     736
1988 02 19     726
1988 02 26     740
1988 03 04     726
1988 03 11     716
1988 03 18     721
1988 03 25     788
1988 04 01     980
1988 04 08    1001
1988 04 15     838
1988 04 22     760
1988 04 29     805
1988 05 06     767
1988 05 13     778
1988 05 20     819
1988 05 27     782
1988 06 03     722
1988 06 10     682
1988 06 17     678
1988 06 24     724
1988 07 01     637
1988 07 08     596
1988 07 15     658
1988 07 22     732
1988 07 29     675
1988 08 05     624
1988 08 12     624
1988 08 19     568
1988 08 26     571
1988 09 02     619
1988 09 09     563
1988 09 16     568
1988 09 23     642
1988 09 30     568
1988 10 07     648
1988 10 14     532
1988 10 21     633
1988 10 28     601
1988 11 04     654
1988 11 11     711
1988 11 18     703
1988 11 25     675
1988 12 02     624
1988 12 09     578
1988 12 16     570
1988 12 23     602
1988 12 30     620
1989 01 06     562
1989 01 13     574
1989 01 20     599
1989 01 27     623
1989 02 03     621
1989 02 10     603
1989 02 17     599
1989 02 24     583
1989 03 03     594
1989 03 10     609
1989 03 17     648
1989 03 24     782
1989 03 31     883
1989 04 07     990
1989 04 14     834
1989 04 21     750
1989 04 28     719
1989 05 05     871
1989 05 12     922
1989 05 19     866
1989 05 26     836
1989 06 02     842
1989 06 09     839
1989 06 16     842
1989 06 23    1028
1989 06 30     799
1989 07 07     694
1989 07 14     665
1989 07 21     655
1989 07 28     635
1989 08 04     678
1989 08 11     671
1989 08 18     617
1989 08 25     618
1989 09 01     605
1989 09 08     639
1989 09 15     615
1989 09 22     718
1989 09 29     593
1989 10 06     549
1989 10 13     633
1989 10 20     656
1989 10 27     661
1989 11 03     679
1989 11 10     696
1989 11 17     718
1989 11 24     733
1989 12 01     668
1989 12 08     597
1989 12 15     606
1989 12 22     563
1989 12 29     571
1990 01 05     607
1990 01 12     670
1990 01 19     755
1990 01 26     767
1990 02 02     733
1990 02 09     754
1990 02 16     823
1990 02 23     835
1990 03 02     839
1990 03 09     740
1990 03 16     958
1990 03 23    1000
1990 03 30     807
1990 04 06     945
1990 04 13    1002
1990 04 20     946
1990 04 27     864
1990 05 04     820
1990 05 11     851
1990 05 18     980
1990 05 25    1018
1990 06 01     828
1990 06 08     816
1990 06 15     756
1990 06 22     756
1990 06 29     754
1990 07 06     689
1990 07 13     661
1990 07 20     692
1990 07 27     686
1990 08 03     643
1990 08 10     648
1990 08 17     706
1990 08 24     612
1990 08 31     635
1990 09 07     600
1990 09 14     620
1990 09 21     564
1990 09 28     648
1990 10 05     683
1990 10 12     745
1990 10 19     779
1990 10 26     739
1990 11 02     705
1990 11 09     719
1990 11 16     677
1990 11 23     696
1990 11 30     699
1990 12 07     821
1990 12 14     749
1990 12 21     875
1990 12 28    1019
1991 01 04     947
1991 01 11     836
1991 01 18     813
1991 01 25     788
1991 02 01     716
1991 02 08     770
1991 02 15     802
1991 02 22     790
1991 03 01     855
1991 03 08    1189
1991 03 15     833
1991 03 22     909
1991 03 29     989
1991 04 05     916
1991 04 12     931
1991 04 19    1031
1991 04 26    1004
1991 05 03     897
1991 05 10     854
1991 05 17     778
1991 05 24     761
1991 05 31     830
1991 06 07     665
1991 06 14     736
1991 06 21     631
1991 06 28     638
1991 07 05     763
1991 07 12     704
1991 07 19     636
1991 07 26     586
1991 08 02     540
1991 08 09     620
1991 08 16     632
1991 08 23     600
1991 08 30     563
1991 09 06     520
1991 09 13     595
1991 09 20     548
1991 09 27     539
1991 10 04     589
1991 10 11     618
1991 10 18     598
1991 10 25     560
1991 11 01     535
1991 11 08     475
1991 11 15     592
1991 11 22     609
1991 11 29     671
1991 12 06     687
1991 12 13     672
1991 12 20     627
1991 12 27     649
1992 01 03     666
1992 01 10     665
1992 01 17     692
1992 01 24     659
1992 01 31     574
1992 02 07     606
1992 02 14     560
1992 02 21     773
1992 02 28     679
1992 03 06     729
1992 03 13     805
1992 03 20     735
1992 03 27     851
1992 04 03     917
1992 04 10     885
1992 04 17    1010
1992 04 24    1061
1992 05 01     926
1992 05 08     991
1992 05 15     810
1992 05 22     733
1992 05 29     755
1992 06 05     767
1992 06 12     706
1992 06 19     655
1992 06 26     657
1992 07 03     672
1992 07 10     722
1992 07 17     821
1992 07 24     835
1992 07 31     724
1992 08 07     835
1992 08 14     761
1992 08 21     668
1992 08 28     801
1992 09 04     806
1992 09 11     748
1992 09 18     757
1992 09 25     763
1992 10 02     665
1992 10 09     670
1992 10 16     749
1992 10 23     753
1992 10 30     688
1992 11 06     854
1992 11 13     842
1992 11 20     877
1992 11 27     893
1992 12 04     852
1992 12 11     850
1992 12 18     867
1992 12 25     837
1993 01 01     860
1993 01 08    1057
1993 01 15     886
1993 01 22     901
1993 01 29     897
1993 02 05     817
1993 02 12     753
1993 02 19     805
1993 02 26     712
1993 03 05     740
1993 03 12     769
1993 03 19     779
1993 03 26     900
1993 04 02    1085
1993 04 09    1174
1993 04 16    1181
1993 04 23    1244
1993 04 30    1105
1993 05 07     990
1993 05 14     939
1993 05 21     889
1993 05 28     854
1993 06 04     908
1993 06 11     927
1993 06 18     881
1993 06 25     854
1993 07 02     801
1993 07 09     765
1993 07 16     707
1993 07 23     700
1993 07 30     759
1993 08 06     708
1993 08 13     698
1993 08 20     649
1993 08 27     615
1993 09 03     641
1993 09 10     670
1993 09 17     598
1993 09 24     567
1993 10 01     692
1993 10 08     665
1993 10 15     598
1993 10 22     760
1993 10 29     660
1993 11 05     670
1993 11 12     690
1993 11 19     692
1993 11 26     748
1993 12 03     839
1993 12 10     807
1993 12 17     712
1993 12 24     733
1993 12 31     643
1994 01 07     705
1994 01 14     589
1994 01 21     585
1994 01 28     659
1994 02 04     653
1994 02 11     650
1994 02 18     673
1994 02 25     719
1994 03 04     711
1994 03 11     744
1994 03 18     824
1994 03 25     858
1994 04 01     967
1994 04 08    1052
1994 04 15    1111
1994 04 22     967
1994 04 29     966
1994 05 06     897
1994 05 13     868
1994 05 20     846
1994 05 27     850
1994 06 03     818
1994 06 10     765
1994 06 17     744
1994 06 24     719
1994 07 01     845
1994 07 08     793
1994 07 15     700
1994 07 22     702
1994 07 29     719
1994 08 05     674
1994 08 12     703
1994 08 19     703
1994 08 26     691
1994 09 02     678
1994 09 09     605
1994 09 16     635
1994 09 23     590
1994 09 30     814
1994 10 07     575
1994 10 14     555
1994 10 21     607
1994 10 28     642
1994 11 04     766
1994 11 11     767
1994 11 18     656
1994 11 25     664
1994 12 02     696
1994 12 09     747
1994 12 16     748
1994 12 23     699
1994 12 30     611
1995 01 06     644
1995 01 13     756
1995 01 20    1015
1995 01 27     913
1995 02 03     748
1995 02 10     666
1995 02 17     640
1995 02 24     692
1995 03 03     711
1995 03 10     762
1995 03 17     805
1995 03 24     791
1995 03 31     695
1995 04 07     633
1995 04 14     696
1995 04 21     754
1995 04 28     777
1995 05 05     730
1995 05 12     760
1995 05 19     759
1995 05 26     744
1995 06 02     762   
1995 06 09     743   
1995 06 16     659   
1995 06 23     638   
1995 06 30     658   
1995 07 07     660   
1995 07 14     661   
1995 07 21     714   
1995 07 28     692   
1995 08 04     684   
1995 08 11     663   
1995 08 18     609   
1995 08 25     550   
1995 09 01     501   
1995 09 08     603   
1995 09 15     538   
1995 09 22     517   
1995 09 29     529   
1995 10 06     755   
1995 10 13     699   
1995 10 20     778   
1995 10 27     759   
1995 11 03     685   
1995 11 10     730   
1995 11 17     883   
1995 11 24     780   
1995 12 01     776   
1995 12 08     634   
1995 12 15     730   
1995 12 22     597   
