#
# sample weeky data format file
interval: weekly
units: m
#
#    Remember that date is for the day that the week ENDS
#    i.e., data labeled 1992 09 25 is for week of 19-25Sep.
#
1992 09 25  -9999
1992 10 02  -9999
1992 10 09  -9999
1992 10 16  -9999
1992 10 23  -9999
1992 10 30  -9999
1992 11 06  -9999
1992 11 13  -9999
1992 11 20  -9999
1992 11 27  -9999
1992 12 04  -9999
1992 12 11  -9999
1992 12 18  -9999
1992 12 25  -9999
1993 01 01  -9999
1993 01 08  -9999
1993 01 15  -9999
1993 01 22  -9999
1993 01 29  -9999
1993 02 05  -9999
1993 02 12  -9999
1993 02 19  -9999
1993 02 26  -9999
1993 03 05  -9999
1993 03 12  -9999
1993 03 19  -9999
1993 03 26  -9999
1993 04 02  -9999
1993 04 09  -9999
1993 04 16  -9999
1993 04 23  -9999
1993 04 30  -9999
1993 05 07  -9999
1993 05 14  -9999
1993 05 21  -9999
1993 05 28  -9999
1993 06 04  -9999
1993 06 11  -9999
1993 06 18  -9999
1993 06 25  -9999
1993 07 02  -9999
1993 07 09  -9999
1993 07 16  -9999
1993 07 23  -9999
1993 07 30  -9999
1993 08 06  -9999
1993 08 13  -9999
1993 08 20  -9999
1993 08 27  -9999
1993 09 03  -9999
1993 09 10  -9999
1993 09 17  -9999
1993 09 24  -9999
1993 10 01  -9999
1993 10 08  -9999
1993 10 15  -9999
1993 10 22  -9999
1993 10 29  -9999
1993 11 05  -9999
1993 11 12  -9999
1993 11 19  -9999
1993 11 26  -9999
1993 12 03  -9999
1993 12 10  -9999
1993 12 17  -9999
1993 12 24  -9999
1993 12 31  -9999
1994 01 07  -9999
1994 01 14  -9999
1994 01 21  -9999
1994 01 28  -9999
1994 02 04  -9999
1994 02 11  -9999
1994 02 18  -9999
1994 02 25  -9999
1994 03 04  -9999
1994 03 11  -9999
1994 03 18  -9999
1994 03 25  -9999
1994 04 01  -9999
1994 04 08  -9999
1994 04 15  -9999
1994 04 22  -9999
1994 04 29  -9999
1994 05 06  -9999
1994 05 13  -9999
1994 05 20  -9999
1994 05 27  -9999
1994 06 03  -9999
1994 06 10  -9999
1994 06 17  -9999
1994 06 24  -9999
1994 07 01  -9999
1994 07 08  -9999
1994 07 15  -9999
1994 07 22  -9999
1994 07 29  -9999
1994 08 05  -9999
1994 08 12  -9999
1994 08 19  -9999
1994 08 26  -9999
1994 09 02  -9999
1994 09 09  -9999
1994 09 16  -9999
1994 09 23  -9999
1994 09 30  -9999
1994 10 07  -9999
1994 10 14  -9999
1994 10 21  -9999
1994 10 28  -9999
1994 11 04  -9999
1994 11 11  -9999
1994 11 18  -9999
1994 11 25  -9999
1994 12 02  -9999
1994 12 09  -9999
1994 12 16  -9999
1994 12 23  -9999
1994 12 30  -9999
1995 01 06  -9999
1995 01 13  -9999
1995 01 20  -9999
1995 01 27  -9999
1995 02 03  -9999
1995 02 10  -9999
1995 02 17  -9999
1995 02 24  -9999
1995 03 03  -9999
1995 03 10  -9999
1995 03 17  -9999
1995 03 24  -9999
1995 03 31  -9999
1995 04 07  -9999
1995 04 14  -9999
1995 04 21  -9999
1995 04 28  -9999
1995 05 05  -9999
1995 05 12  -9999
1995 05 19  -9999
1995 05 26  -9999
1995 06 02  -9999
1995 06 09  -9999
1995 06 16  -9999
1995 06 23  -9999
1995 06 30  -9999
1995 07 07  -9999
1995 07 14  -9999
1995 07 21  -9999
1995 07 28  -9999
1995 08 04  -9999
1995 08 11  -9999
1995 08 18  -9999
1995 08 25  -9999
1995 09 01  -9999
1995 09 08  -9999
1995 09 15  -9999
1995 09 22  -9999
1995 09 29  -9999
1995 10 06  -9999
1995 10 13  -9999
1995 10 20  -9999
1995 10 27  -9999
1995 11 03  -9999
1995 11 10  -9999
1995 11 17  -9999
1995 11 24  -9999
1995 12 01  -9999
1995 12 08  -9999
1995 12 15  -9999
1995 12 22  -9999
1995 12 29  -9999
1996 01 05  -9999
1996 01 12  -9999
1996 01 19  -9999
1996 01 26  -9999
1996 02 02  -9999
1996 02 09  -9999
1996 02 16  -9999
1996 02 23  -9999
1996 03 01  -9999
1996 03 08  -9999
1996 03 15  -9999
1996 03 22  -9999
1996 03 29  -9999
1996 04 05  -9999
1996 04 12  -9999
1996 04 19  -9999
1996 04 26  -9999
1996 05 03  -9999
1996 05 10  -9999
1996 05 17  -9999
1996 05 24  -9999
1996 05 31  -9999
1996 06 07  -9999
1996 06 14  -9999
1996 06 21  -9999
1996 06 28  -9999
1996 07 05  -9999
1996 07 12  -9999
1996 07 19  -9999
1996 07 26  -9999
1996 08 02  -9999
1996 08 09  -9999
1996 08 16  -9999
1996 08 23  -9999
1996 08 30  -9999
1996 09 06  -9999
1996 09 13  -9999
1996 09 20  -9999
1996 09 27  -9999
1996 10 04  -9999
1996 10 11  -9999
1996 10 18  -9999
1996 10 25  -9999
1996 11 01  -9999
1996 11 08  -9999
1996 11 15  -9999
1996 11 22  -9999
1996 11 29  -9999
1996 12 06  -9999
1996 12 13  -9999
1996 12 20  -9999
1996 12 27  -9999
1997 01 03  -9999
1997 01 10  -9999
1997 01 17  -9999
1997 01 24  -9999
1997 01 31  -9999
1997 02 07  -9999
1997 02 14  -9999
1997 02 21  -9999
1997 02 28  -9999
1997 03 07  -9999
1997 03 14  -9999
1997 03 21  -9999
1997 03 28  -9999
1997 04 04  -9999
1997 04 11  -9999
1997 04 18  -9999
1997 04 25  -9999
1997 05 02  -9999
1997 05 09  -9999
1997 05 16  -9999
1997 05 23  -9999
1997 05 30  -9999
1997 06 06  -9999
1997 06 13  -9999
1997 06 20  -9999
1997 06 27  -9999
1997 07 04  -9999
1997 07 11  -9999
1997 07 18  -9999
1997 07 25  -9999
1997 08 01  -9999
1997 08 08  -9999
1997 08 15  -9999
1997 08 22  -9999
1997 08 29  -9999
1997 09 05  -9999
1997 09 12  -9999
1997 09 19  -9999
1997 09 26  -9999
1997 10 03  -9999
1997 10 10  -9999
1997 10 17  -9999
1997 10 24  -9999
1997 10 31  -9999
1997 11 07  -9999
1997 11 14  -9999
1997 11 21  -9999
1997 11 28  -9999
1997 12 05  -9999
1997 12 12  -9999
1997 12 19  -9999
1997 12 26  -9999
1998 01 02  -9999
1998 01 09  -9999
1998 01 16  -9999
1998 01 23  -9999
1998 01 30  -9999
1998 02 06  -9999
1998 02 13  -9999
1998 02 20  -9999
1998 02 27  -9999
1998 03 06  -9999
1998 03 13  -9999
1998 03 20  -9999
1998 03 27  -9999
1998 04 03  -9999
1998 04 10  -9999
1998 04 17  -9999
1998 04 24  -9999
1998 05 01  -9999
1998 05 08  -9999
1998 05 15  -9999
1998 05 22  -9999
1998 05 29  -9999
1998 06 05  -9999
1998 06 12  -9999
1998 06 19  -9999
1998 06 26  -9999
1998 07 03  -9999
1998 07 10  -9999
1998 07 17  -9999
1998 07 24  -9999
1998 07 31  -9999
1998 08 07  -9999
1998 08 14  -9999
1998 08 21  -9999
1998 08 28  -9999
1998 09 04  -9999
1998 09 11  -9999
1998 09 18  -9999
1998 09 25  -9999
1998 10 02  -9999
1998 10 09  -9999
1998 10 16  -9999
1998 10 23  -9999
1998 10 30  -9999
1998 11 06  -9999
1998 11 13  -9999
1998 11 20  -9999
1998 11 27  -9999
1998 12 04  -9999
1998 12 11  -9999
1998 12 18  -9999
1998 12 25  -9999
1999 01 01  -9999
1999 01 08  -9999
1999 01 15  -9999
1999 01 22  -9999
1999 01 29  -9999
1999 02 05  -9999
1999 02 12  -9999
1999 02 19  -9999
1999 02 26  -9999
1999 03 05  -9999
1999 03 12  -9999
1999 03 19  -9999
1999 03 26  -9999
1999 04 02  -9999
1999 04 09  -9999
1999 04 16  -9999
1999 04 23  -9999
1999 04 30  -9999
1999 05 07  -9999
1999 05 14  -9999
1999 05 21  -9999
1999 05 28  -9999
1999 06 04  -9999
1999 06 11  -9999
1999 06 18  -9999
1999 06 25  -9999
1999 07 02  -9999
1999 07 09  -9999
1999 07 16  -9999
1999 07 23  -9999
1999 07 30  -9999
1999 08 06  -9999
1999 08 13  -9999
1999 08 20  -9999
1999 08 27  -9999
1999 09 03  -9999
1999 09 10  -9999
1999 09 17  -9999
1999 09 24  -9999
1999 10 01  -9999
1999 10 08  -9999
1999 10 15  -9999
1999 10 22  -9999
1999 10 29  -9999
1999 11 05  -9999
1999 11 12  -9999
1999 11 19  -9999
1999 11 26  -9999
1999 12 03  -9999
1999 12 10  -9999
1999 12 17  -9999
1999 12 24  -9999
1999 12 31  -9999
2000 01 07  -9999
2000 01 14  -9999
2000 01 21  -9999
2000 01 28  -9999
2000 02 04  -9999
2000 02 11  -9999
2000 02 18  -9999
2000 02 25  -9999
2000 03 03  -9999
2000 03 10  -9999
2000 03 17  -9999
2000 03 24  -9999
2000 03 31  -9999
2000 04 07  -9999
2000 04 14  -9999
2000 04 21  -9999
2000 04 28  -9999
2000 05 05  -9999
2000 05 12  -9999
2000 05 19  -9999
2000 05 26  -9999
2000 06 02  -9999
2000 06 09  -9999
2000 06 16  -9999
2000 06 23  -9999
2000 06 30  -9999
2000 07 07  -9999
2000 07 14  -9999
2000 07 21  -9999
2000 07 28  -9999
2000 08 04  -9999
2000 08 11  -9999
2000 08 18  -9999
2000 08 25  -9999
2000 09 01  -9999
2000 09 08  -9999
2000 09 15  -9999
2000 09 22  -9999
2000 09 29  -9999
2000 10 06  -9999
2000 10 13  -9999
2000 10 20  -9999
2000 10 27  -9999
2000 11 03  -9999
2000 11 10  -9999
2000 11 17  -9999
2000 11 24  -9999
2000 12 01  -9999
2000 12 08  -9999
2000 12 15  -9999
2000 12 22  -9999
2000 12 29  -9999
2001 01 05  -9999
